AIRPORT,IATA_CODE,Year,Month,Time_Index,INBOUND_DOM,OUTBOUND_DOM,TOTAL_DOM,INBOUND_INT,OUTBOUND_INT,TOTAL_INT,INBOUND,OUTBOUND,TOTAL
ADELAIDE,ADL,2009,1,1,259510,258122,517632,25145,19968,45113,284655,278090,562745
ADELAIDE,ADL,2009,2,2,234778,232142,466920,21389,14795,36184,256167,246937,503104
ADELAIDE,ADL,2009,3,3,280441,284820,565261,19466,18154,37620,299907,302974,602881
ADELAIDE,ADL,2009,4,4,274359,281163,555522,20087,21353,41440,294446,302516,596962
ADELAIDE,ADL,2009,5,5,258273,258930,517203,17085,19321,36406,275358,278251,553609
ADELAIDE,ADL,2009,6,6,242263,242610,484873,17680,19449,37129,259943,262059,522002
ADELAIDE,ADL,2009,7,7,269949,272217,542166,24152,21200,45352,294101,293417,587518
ADELAIDE,ADL,2009,8,8,269480,269355,538835,20859,19768,40627,290339,289123,579462
ADELAIDE,ADL,2009,9,9,264127,267734,531861,22039,22699,44738,286166,290433,576599
ADELAIDE,ADL,2009,10,10,284313,277153,561466,26544,20496,47040,310857,297649,608506
ADELAIDE,ADL,2009,11,11,264644,266874,531518,21906,21543,43449,286550,288417,574967
ADELAIDE,ADL,2009,12,12,262735,264356,527091,21402,24899,46301,284137,289255,573392
ADELAIDE,ADL,2010,1,13,260489,258574,519063,26569,22236,48805,287058,280810,567868
ADELAIDE,ADL,2010,2,14,251775,248044,499819,21576,16706,38282,273351,264750,538101
ADELAIDE,ADL,2010,3,15,292054,294892,586946,22086,20609,42695,314140,315501,629641
ADELAIDE,ADL,2010,4,16,290702,296008,586710,22393,23027,45420,313095,319035,632130
ADELAIDE,ADL,2010,5,17,269597,272381,541978,18231,21100,39331,287828,293481,581309
ADELAIDE,ADL,2010,6,18,260162,264413,524575,19742,21699,41441,279904,286112,566016
ADELAIDE,ADL,2010,7,19,293548,297128,590676,25332,21846,47178,318880,318974,637854
ADELAIDE,ADL,2010,8,20,283786,283560,567346,21613,21756,43369,305399,305316,610715
ADELAIDE,ADL,2010,9,21,282205,287767,569972,23201,22552,45753,305406,310319,615725
ADELAIDE,ADL,2010,10,22,313687,301158,614845,27111,19830,46941,340798,320988,661786
ADELAIDE,ADL,2010,11,23,283723,284665,568388,22317,21729,44046,306040,306394,612434
ADELAIDE,ADL,2010,12,24,292916,295017,587933,23166,25965,49131,316082,320982,637064
ADELAIDE,ADL,2011,1,25,275339,273902,549241,26556,22938,49494,301895,296840,598735
ADELAIDE,ADL,2011,2,26,253474,247288,500762,22587,17514,40101,276061,264802,540863
ADELAIDE,ADL,2011,3,27,293734,295355,589089,21787,21351,43138,315521,316706,632227
ADELAIDE,ADL,2011,4,28,282981,286574,569555,22983,25799,48782,305964,312373,618337
ADELAIDE,ADL,2011,5,29,273748,274350,548098,21287,24027,45314,295035,298377,593412
ADELAIDE,ADL,2011,6,30,237077,237976,475053,21671,22929,44600,258748,260905,519653
ADELAIDE,ADL,2011,7,31,273786,277032,550818,28138,25253,53391,301924,302285,604209
ADELAIDE,ADL,2011,8,32,263100,263060,526160,25653,24324,49977,288753,287384,576137
ADELAIDE,ADL,2011,9,33,262527,261455,523982,25906,25166,51072,288433,286621,575054
ADELAIDE,ADL,2011,10,34,278028,273082,551110,28930,23095,52025,306958,296177,603135
ADELAIDE,ADL,2011,11,35,264907,266632,531539,24604,23324,47928,289511,289956,579467
ADELAIDE,ADL,2011,12,36,262361,260566,522927,26035,31216,57251,288396,291782,580178
ADELAIDE,ADL,2012,1,37,258727,260757,519484,34486,27251,61737,293213,288008,581221
ADELAIDE,ADL,2012,2,38,250287,241533,491820,26957,20520,47477,277244,262053,539297
ADELAIDE,ADL,2012,3,39,277032,282302,559334,25746,25886,51632,302778,308188,610966
ADELAIDE,ADL,2012,4,40,264048,267193,531241,25399,26317,51716,289447,293510,582957
ADELAIDE,ADL,2012,5,41,261753,264360,526113,20661,24575,45236,282414,288935,571349
ADELAIDE,ADL,2012,6,42,243743,249972,493715,23206,26101,49307,266949,276073,543022
ADELAIDE,ADL,2012,7,43,275669,269885,545554,31466,24802,56268,307135,294687,601822
ADELAIDE,ADL,2012,8,44,263168,265243,528411,24624,24733,49357,287792,289976,577768
ADELAIDE,ADL,2012,9,45,269802,270676,540478,27126,27912,55038,296928,298588,595516
ADELAIDE,ADL,2012,10,46,287626,281100,568726,30722,22970,53692,318348,304070,622418
ADELAIDE,ADL,2012,11,47,285081,283544,568625,28453,30172,58625,313534,313716,627250
ADELAIDE,ADL,2012,12,48,271564,271750,543314,31996,37996,69992,303560,309746,613306
ADELAIDE,ADL,2013,1,49,262467,266159,528626,39912,30336,70248,302379,296495,598874
ADELAIDE,ADL,2013,2,50,245055,237296,482351,32894,25038,57932,277949,262334,540283
ADELAIDE,ADL,2013,3,51,282049,284894,566943,30633,30591,61224,312682,315485,628167
ADELAIDE,ADL,2013,4,52,280700,287113,567813,30059,33507,63566,310759,320620,631379
ADELAIDE,ADL,2013,5,53,259610,263814,523424,25232,29676,54908,284842,293490,578332
ADELAIDE,ADL,2013,6,54,249959,247004,496963,27642,30977,58619,277601,277981,555582
ADELAIDE,ADL,2013,7,55,285287,290626,575913,38906,33858,72764,324193,324484,648677
ADELAIDE,ADL,2013,8,56,269836,269808,539644,33245,31092,64337,303081,300900,603981
ADELAIDE,ADL,2013,9,57,272655,272652,545307,34517,35056,69573,307172,307708,614880
ADELAIDE,ADL,2013,10,58,306551,300868,607419,39954,28567,68521,346505,329435,675940
ADELAIDE,ADL,2013,11,59,279869,279000,558869,34066,34016,68082,313935,313016,626951
ADELAIDE,ADL,2013,12,60,291204,289813,581017,39818,49993,89811,331022,339806,670828
ADELAIDE,ADL,2014,1,61,277737,278835,556572,53530,41795,95325,331267,320630,651897
ADELAIDE,ADL,2014,2,62,253235,250818,504053,40484,29320,69804,293719,280138,573857
ADELAIDE,ADL,2014,3,63,287307,293996,581303,35407,35805,71212,322714,329801,652515
ADELAIDE,ADL,2014,4,64,283121,285267,568388,39176,42911,82087,322297,328178,650475
ADELAIDE,ADL,2014,5,65,266981,269417,536398,34798,39547,74345,301779,308964,610743
ADELAIDE,ADL,2014,6,66,260567,255415,515982,35861,44801,80662,296428,300216,596644
ADELAIDE,ADL,2014,7,67,284112,289631,573743,51507,44103,95610,335619,333734,669353
ADELAIDE,ADL,2014,8,68,280822,280400,561222,41013,39796,80809,321835,320196,642031
ADELAIDE,ADL,2014,9,69,276540,280913,557453,39785,40956,80741,316325,321869,638194
ADELAIDE,ADL,2014,10,70,319150,311531,630681,44279,35206,79485,363429,346737,710166
ADELAIDE,ADL,2014,11,71,279539,279238,558777,33966,35010,68976,313505,314248,627753
ADELAIDE,ADL,2014,12,72,295383,291644,587027,38989,49220,88209,334372,340864,675236
ADELAIDE,ADL,2015,1,73,271005,273323,544328,50816,40325,91141,321821,313648,635469
ADELAIDE,ADL,2015,2,74,255345,248620,503965,38274,30765,69039,293619,279385,573004
ADELAIDE,ADL,2015,3,75,291956,293217,585173,34114,36696,70810,326070,329913,655983
ADELAIDE,ADL,2015,4,76,291914,294232,586146,33223,37246,70469,325137,331478,656615
ADELAIDE,ADL,2015,5,77,270553,272195,542748,31243,36424,67667,301796,308619,610415
ADELAIDE,ADL,2015,6,78,252967,252494,505461,32695,37826,70521,285662,290320,575982
ADELAIDE,ADL,2015,7,79,296045,302047,598092,40295,36893,77188,336340,338940,675280
ADELAIDE,ADL,2015,8,80,282798,277223,560021,35798,34901,70699,318596,312124,630720
ADELAIDE,ADL,2015,9,81,279982,283113,563095,35418,35682,71100,315400,318795,634195
ADELAIDE,ADL,2015,10,82,315821,304706,620527,39982,32407,72389,355803,337113,692916
ADELAIDE,ADL,2015,11,83,296138,294450,590588,30136,30705,60841,326274,325155,651429
ADELAIDE,ADL,2015,12,84,298324,301313,599637,36126,43398,79524,334450,344711,679161
ADELAIDE,ADL,2016,1,85,282520,284142,566662,44890,39537,84427,327410,323679,651089
ADELAIDE,ADL,2016,2,86,267124,259758,526882,35415,29381,64796,302539,289139,591678
ADELAIDE,ADL,2016,3,87,305728,298866,604594,32873,33552,66425,338601,332418,671019
ADELAIDE,ADL,2016,4,88,291320,302867,594187,31541,36181,67722,322861,339048,661909
ADELAIDE,ADL,2016,5,89,281939,282036,563975,31336,37676,69012,313275,319712,632987
ADELAIDE,ADL,2016,6,90,269707,262566,532273,33289,39790,73079,302996,302356,605352
ADELAIDE,ADL,2016,7,91,300002,307952,607954,47258,43425,90683,347260,351377,698637
ADELAIDE,ADL,2016,8,92,284393,279860,564253,39027,40220,79247,323420,320080,643500
ADELAIDE,ADL,2016,9,93,293756,288573,582329,42085,41067,83152,335841,329640,665481
ADELAIDE,ADL,2016,10,94,317098,319192,636290,46341,35408,81749,363439,354600,718039
ADELAIDE,ADL,2016,11,95,304689,305932,610621,34776,36227,71003,339465,342159,681624
ADELAIDE,ADL,2016,12,96,304574,301400,605974,41707,51177,92884,346281,352577,698858
ADELAIDE,ADL,2017,1,97,292441,295396,587837,51344,42933,94277,343785,338329,682114
ADELAIDE,ADL,2017,2,98,265665,258284,523949,37838,30773,68611,303503,289057,592560
ADELAIDE,ADL,2017,3,99,309494,311591,621085,34763,36346,71109,344257,347937,692194
ADELAIDE,ADL,2017,4,100,294726,296413,591139,34119,39693,73812,328845,336106,664951
ADELAIDE,ADL,2017,5,101,285884,284998,570882,33197,37924,71121,319081,322922,642003
ADELAIDE,ADL,2017,6,102,273329,272795,546124,34097,39198,73295,307426,311993,619419
ADELAIDE,ADL,2017,7,103,308341,310767,619108,46589,43123,89712,354930,353890,708820
ADELAIDE,ADL,2017,8,104,289066,285877,574943,42160,40424,82584,331226,326301,657527
ADELAIDE,ADL,2017,9,105,296741,294811,591552,44410,42623,87033,341151,337434,678585
ADELAIDE,ADL,2017,10,106,327412,326148,653560,46426,36194,82620,373838,362342,736180
ADELAIDE,ADL,2017,11,107,316350,311569,627919,37547,36871,74418,353897,348440,702337
ADELAIDE,ADL,2017,12,108,318458,322403,640861,42206,52177,94383,360664,374580,735244
ADELAIDE,ADL,2018,1,109,300307,304558,604865,58412,47172,105584,358719,351730,710449
ADELAIDE,ADL,2018,2,110,276851,270512,547363,40981,32712,73693,317832,303224,621056
ADELAIDE,ADL,2018,3,111,320101,318876,638977,37451,40042,77493,357552,358918,716470
ADELAIDE,ADL,2018,4,112,311318,316660,627978,36246,41703,77949,347564,358363,705927
ADELAIDE,ADL,2018,5,113,294206,295304,589510,34981,39547,74528,329187,334851,664038
ADELAIDE,ADL,2018,6,114,279737,278632,558369,34610,43963,78573,314347,322595,636942
ADELAIDE,ADL,2018,7,115,318564,319765,638329,48394,42872,91266,366958,362637,729595
ADELAIDE,ADL,2018,8,116,303083,299851,602934,43581,43992,87573,346664,343843,690507
ADELAIDE,ADL,2018,9,117,300580,300750,601330,45590,43804,89394,346170,344554,690724
ADELAIDE,ADL,2018,10,118,329727,327636,657363,49784,38321,88105,379511,365957,745468
ADELAIDE,ADL,2018,11,119,317799,316175,633974,40957,41321,82278,358756,357496,716252
ADELAIDE,ADL,2018,12,120,309982,309368,619350,44574,54951,99525,354556,364319,718875
ADELAIDE,ADL,2019,1,121,293965,298986,592951,58221,49255,107476,352186,348241,700427
ADELAIDE,ADL,2019,2,122,278620,272735,551355,44990,35260,80250,323610,307995,631605
ADELAIDE,ADL,2019,3,123,314477,318070,632547,38857,39981,78838,353334,358051,711385
ADELAIDE,ADL,2019,4,124,315393,315365,630758,40996,46294,87290,356389,361659,718048
ADELAIDE,ADL,2019,5,125,294271,296479,590750,38454,43024,81478,332725,339503,672228
ADELAIDE,ADL,2019,6,126,279068,275957,555025,40583,47455,88038,319651,323412,643063
ADELAIDE,ADL,2019,7,127,321154,325056,646210,55934,49299,105233,377088,374355,751443
ADELAIDE,ADL,2019,8,128,310165,307344,617509,49885,49320,99205,360050,356664,716714
ADELAIDE,ADL,2019,9,129,308230,308039,616269,53080,51858,104938,361310,359897,721207
ADELAIDE,ADL,2019,10,130,345636,343411,689047,55867,43338,99205,401503,386749,788252
ADELAIDE,ADL,2019,11,131,320697,322044,642741,43856,43075,86931,364553,365119,729672
ADELAIDE,ADL,2019,12,132,311283,311134,622417,48765,60945,109710,360048,372079,732127
ADELAIDE,ADL,2020,1,133,294269,298774,593043,63966,53541,117507,358235,352315,710550
ADELAIDE,ADL,2020,2,134,275909,266178,542087,41150,30615,71765,317059,296793,613852
ADELAIDE,ADL,2020,3,135,192633,193960,386593,23735,18459,42194,216368,212419,428787
ADELAIDE,ADL,2020,4,136,5462,6383,11845,0,0,0,5462,6383,11845
ADELAIDE,ADL,2020,5,137,7273,8466,15739,0,0,0,7273,8466,15739
ADELAIDE,ADL,2020,6,138,12264,12993,25257,26,51,77,12290,13044,25334
ADELAIDE,ADL,2020,7,139,25774,27491,53265,350,313,663,26124,27804,53928
ADELAIDE,ADL,2020,8,140,36135,38427,74562,754,661,1415,36889,39088,75977
ADELAIDE,ADL,2020,9,141,49137,50346,99483,1123,590,1713,50260,50936,101196
ADELAIDE,ADL,2020,10,142,90979,90918,181897,1509,537,2046,92488,91455,183943
ADELAIDE,ADL,2020,11,143,70193,73760,143953,959,481,1440,71152,74241,145393
ADELAIDE,ADL,2020,12,144,112726,108004,220730,1429,710,2139,114155,108714,222869
ADELAIDE,ADL,2021,1,145,112901,120628,233529,2115,526,2641,115016,121154,236170
ADELAIDE,ADL,2021,2,146,97732,97565,195297,1919,459,2378,99651,98024,197675
ADELAIDE,ADL,2021,3,147,171916,171932,343848,2124,413,2537,174040,172345,346385
ADELAIDE,ADL,2021,4,148,226873,231100,457973,1798,439,2237,228671,231539,460210
ADELAIDE,ADL,2021,5,149,208206,212298,420504,2823,1464,4287,211029,213762,424791
ADELAIDE,ADL,2021,6,150,148588,149609,298197,3040,1642,4682,151628,151251,302879
ADELAIDE,ADL,2021,7,151,65265,66156,131421,2816,2120,4936,68081,68276,136357
ADELAIDE,ADL,2021,8,152,39127,39952,79079,1063,871,1934,40190,40823,81013
ADELAIDE,ADL,2021,9,153,78689,81802,160491,1173,681,1854,79862,82483,162345
ADELAIDE,ADL,2021,10,154,93731,91605,185336,1152,835,1987,94883,92440,187323
ADELAIDE,ADL,2021,11,155,116813,113929,230742,1180,1299,2479,117993,115228,233221
ADELAIDE,ADL,2021,12,156,152001,142689,294690,937,2799,3736,152938,145488,298426
ADELAIDE,ADL,2022,1,157,127555,129736,257291,4211,3718,7929,131766,133454,265220
ADELAIDE,ADL,2022,2,158,138158,134762,272920,7289,4956,12245,145447,139718,285165
ADELAIDE,ADL,2022,3,159,222888,220124,443012,7098,8046,15144,229986,228170,458156
ADELAIDE,ADL,2022,4,160,281960,284961,566921,10306,12112,22418,292266,297073,589339
ADELAIDE,ADL,2022,5,161,268778,265119,533897,12693,12808,25501,281471,277927,559398
ADELAIDE,ADL,2022,6,162,263202,258308,521510,13847,17516,31363,277049,275824,552873
ADELAIDE,ADL,2022,7,163,287105,291796,578901,22259,22240,44499,309364,314036,623400
ADELAIDE,ADL,2022,8,164,269233,261865,531098,21150,20231,41381,290383,282096,572479
ADELAIDE,ADL,2022,9,165,276769,271841,548610,23363,22819,46182,300132,294660,594792
ADELAIDE,ADL,2022,10,166,304480,300696,605176,25603,22827,48430,330083,323523,653606
ADELAIDE,ADL,2022,11,167,289145,290101,579246,26291,25667,51958,315436,315768,631204
ADELAIDE,ADL,2022,12,168,286051,282226,568277,28493,34434,62927,314544,316660,631204
ADELAIDE,ADL,2023,1,169,274435,279785,554220,41237,34113,75350,315672,313898,629570
ADELAIDE,ADL,2023,2,170,255626,250364,505990,30587,24931,55518,286213,275295,561508
ADELAIDE,ADL,2023,3,171,310519,306729,617248,33742,30455,64197,344261,337184,681445
ADELAIDE,ADL,2023,4,172,299384,301115,600499,36738,38284,75022,336122,339399,675521
ADELAIDE,ADL,2023,5,173,296058,291446,587504,31211,33022,64233,327269,324468,651737
ADELAIDE,ADL,2023,6,174,272888,275630,548518,31799,35432,67231,304687,311062,615749
ADELAIDE,ADL,2023,7,175,299971,306821,606792,45312,40896,86208,345283,347717,693000
ADELAIDE,ADL,2023,8,176,299771,293865,593636,36548,33483,70031,336319,327348,663667
ADELAIDE,ADL,2023,9,177,297536,300179,597715,39684,37768,77452,337220,337947,675167
ADELAIDE,ADL,2023,10,178,331244,327522,658766,44490,35907,80397,375734,363429,739163
ADELAIDE,ADL,2023,11,179,317671,320807,638478,36152,34700,70852,353823,355507,709330
ADELAIDE,ADL,2023,12,180,306084,300922,607006,41665,52958,94623,347749,353880,701629
ADELAIDE,ADL,2024,1,181,298535,303488,602023,59785,42023,101808,358320,345511,703831
ADELAIDE,ADL,2024,2,182,293471,285493,578964,37176,29696,66872,330647,315189,645836
ADELAIDE,ADL,2024,3,183,320056,311979,632035,33433,35570,69003,353489,347549,701038
ADELAIDE,ADL,2024,4,184,320260,331591,651851,40476,41307,81783,360736,372898,733634
ADELAIDE,ADL,2024,5,185,290654,292244,582898,35227,37267,72494,325881,329511,655392
ADELAIDE,ADL,2024,6,186,271998,275389,547387,37588,42099,79687,309586,317488,627074
ADELAIDE,ADL,2024,7,187,309997,310862,620859,47983,43207,91190,357980,354069,712049
ADELAIDE,ADL,2024,8,188,301159,297791,598950,36769,36542,73311,337928,334333,672261
ADELAIDE,ADL,2024,9,189,303309,304488,607797,36630,36812,73442,339939,341300,681239
ADELAIDE,ADL,2024,10,190,340774,335237,676011,40835,35579,76414,381609,370816,752425
ADELAIDE,ADL,2024,11,191,323664,323699,647363,40857,41848,82705,364521,365547,730068
ADELAIDE,ADL,2024,12,192,320167,320888,641055,44204,51530,95734,364371,372418,736789
ADELAIDE,ADL,2025,1,193,310370,308403,618773,57473,49001,106474,367843,357404,725247
ADELAIDE,ADL,2025,2,194,281456,272438,553894,43742,35612,79354,325198,308050,633248
ADELAIDE,ADL,2025,3,195,316986,315084,632070,38869,39156,78025,355855,354240,710095
ADELAIDE,ADL,2025,4,196,318158,321469,639627,42042,48663,90705,360200,370132,730332
ADELAIDE,ADL,2025,5,197,292242,292405,584647,44413,46353,90766,336655,338758,675413
ADELAIDE,ADL,2025,6,198,281379,281662,563041,42945,48625,91570,324324,330287,654611
BALLINA,BNK,2009,1,1,15908,17145,33053,0,0,0,15908,17145,33053
BALLINA,BNK,2009,2,2,14005,14383,28388,0,0,0,14005,14383,28388
BALLINA,BNK,2009,3,3,15057,15227,30284,0,0,0,15057,15227,30284
BALLINA,BNK,2009,4,4,14106,14505,28611,0,0,0,14106,14505,28611
BALLINA,BNK,2009,5,5,12974,13013,25987,0,0,0,12974,13013,25987
BALLINA,BNK,2009,6,6,12333,11927,24260,0,0,0,12333,11927,24260
BALLINA,BNK,2009,7,7,13878,14196,28074,0,0,0,13878,14196,28074
BALLINA,BNK,2009,8,8,10524,10682,21206,0,0,0,10524,10682,21206
BALLINA,BNK,2009,9,9,11389,10984,22373,0,0,0,11389,10984,22373
BALLINA,BNK,2009,10,10,12826,12747,25573,0,0,0,12826,12747,25573
BALLINA,BNK,2009,11,11,12736,12491,25227,0,0,0,12736,12491,25227
BALLINA,BNK,2009,12,12,12602,12676,25278,0,0,0,12602,12676,25278
BALLINA,BNK,2010,1,13,12345,13148,25493,0,0,0,12345,13148,25493
BALLINA,BNK,2010,2,14,10903,10929,21832,0,0,0,10903,10929,21832
BALLINA,BNK,2010,3,15,11282,11338,22620,0,0,0,11282,11338,22620
BALLINA,BNK,2010,4,16,10375,10614,20989,0,0,0,10375,10614,20989
BALLINA,BNK,2010,5,17,9295,9346,18641,0,0,0,9295,9346,18641
BALLINA,BNK,2010,6,18,8547,8531,17078,0,0,0,8547,8531,17078
BALLINA,BNK,2010,7,19,10340,10053,20393,0,0,0,10340,10053,20393
BALLINA,BNK,2010,8,20,10601,10387,20988,0,0,0,10601,10387,20988
BALLINA,BNK,2010,9,21,11961,11206,23167,0,0,0,11961,11206,23167
BALLINA,BNK,2010,10,22,12623,13407,26030,0,0,0,12623,13407,26030
BALLINA,BNK,2010,11,23,11610,11485,23095,0,0,0,11610,11485,23095
BALLINA,BNK,2010,12,24,14405,14158,28563,0,0,0,14405,14158,28563
BALLINA,BNK,2011,1,25,14507,16411,30918,0,0,0,14507,16411,30918
BALLINA,BNK,2011,2,26,11708,11897,23605,0,0,0,11708,11897,23605
BALLINA,BNK,2011,3,27,12864,13188,26052,0,0,0,12864,13188,26052
BALLINA,BNK,2011,4,28,13126,13075,26201,0,0,0,13126,13075,26201
BALLINA,BNK,2011,5,29,10696,11369,22065,0,0,0,10696,11369,22065
BALLINA,BNK,2011,6,30,10144,10101,20245,0,0,0,10144,10101,20245
BALLINA,BNK,2011,7,31,13150,13011,26161,0,0,0,13150,13011,26161
BALLINA,BNK,2011,8,32,11550,12010,23560,0,0,0,11550,12010,23560
BALLINA,BNK,2011,9,33,14019,13116,27135,0,0,0,14019,13116,27135
BALLINA,BNK,2011,10,34,13536,14114,27650,0,0,0,13536,14114,27650
BALLINA,BNK,2011,11,35,13089,13060,26149,0,0,0,13089,13060,26149
BALLINA,BNK,2011,12,36,15756,15002,30758,0,0,0,15756,15002,30758
BALLINA,BNK,2012,1,37,17159,18871,36030,0,0,0,17159,18871,36030
BALLINA,BNK,2012,2,38,11864,12078,23942,0,0,0,11864,12078,23942
BALLINA,BNK,2012,3,39,13097,13152,26249,0,0,0,13097,13152,26249
BALLINA,BNK,2012,4,40,14958,15119,30077,0,0,0,14958,15119,30077
BALLINA,BNK,2012,5,41,12359,12738,25097,0,0,0,12359,12738,25097
BALLINA,BNK,2012,6,42,12002,11339,23341,0,0,0,12002,11339,23341
BALLINA,BNK,2012,7,43,13998,14481,28479,0,0,0,13998,14481,28479
BALLINA,BNK,2012,8,44,13031,13376,26407,0,0,0,13031,13376,26407
BALLINA,BNK,2012,9,45,15200,14538,29738,0,0,0,15200,14538,29738
BALLINA,BNK,2012,10,46,15682,16492,32174,0,0,0,15682,16492,32174
BALLINA,BNK,2012,11,47,15070,15099,30169,0,0,0,15070,15099,30169
BALLINA,BNK,2012,12,48,17720,16588,34308,0,0,0,17720,16588,34308
BALLINA,BNK,2013,1,49,17319,19332,36651,0,0,0,17319,19332,36651
BALLINA,BNK,2013,2,50,11303,11795,23098,0,0,0,11303,11795,23098
BALLINA,BNK,2013,3,51,14423,13705,28128,0,0,0,14423,13705,28128
BALLINA,BNK,2013,4,52,16197,17705,33902,0,0,0,16197,17705,33902
BALLINA,BNK,2013,5,53,13735,13983,27718,0,0,0,13735,13983,27718
BALLINA,BNK,2013,6,54,14258,14033,28291,0,0,0,14258,14033,28291
BALLINA,BNK,2013,7,55,16020,16237,32257,0,0,0,16020,16237,32257
BALLINA,BNK,2013,8,56,14164,14148,28312,0,0,0,14164,14148,28312
BALLINA,BNK,2013,9,57,17534,16433,33967,0,0,0,17534,16433,33967
BALLINA,BNK,2013,10,58,17876,19052,36928,0,0,0,17876,19052,36928
BALLINA,BNK,2013,11,59,16444,16818,33262,0,0,0,16444,16818,33262
BALLINA,BNK,2013,12,60,20927,18906,39833,0,0,0,20927,18906,39833
BALLINA,BNK,2014,1,61,20119,22230,42349,0,0,0,20119,22230,42349
BALLINA,BNK,2014,2,62,14861,15231,30092,0,0,0,14861,15231,30092
BALLINA,BNK,2014,3,63,15663,16084,31747,0,0,0,15663,16084,31747
BALLINA,BNK,2014,4,64,16926,17256,34182,0,0,0,16926,17256,34182
BALLINA,BNK,2014,5,65,13210,13552,26762,0,0,0,13210,13552,26762
BALLINA,BNK,2014,6,66,14762,14552,29314,0,0,0,14762,14552,29314
BALLINA,BNK,2014,7,67,17839,18283,36122,0,0,0,17839,18283,36122
BALLINA,BNK,2014,8,68,14707,15200,29907,0,0,0,14707,15200,29907
BALLINA,BNK,2014,9,69,19834,19049,38883,0,0,0,19834,19049,38883
BALLINA,BNK,2014,10,70,19283,19973,39256,0,0,0,19283,19973,39256
BALLINA,BNK,2014,11,71,18158,18119,36277,0,0,0,18158,18119,36277
BALLINA,BNK,2014,12,72,20079,19225,39304,0,0,0,20079,19225,39304
BALLINA,BNK,2015,1,73,21764,23672,45436,0,0,0,21764,23672,45436
BALLINA,BNK,2015,2,74,15486,15959,31445,0,0,0,15486,15959,31445
BALLINA,BNK,2015,3,75,18102,17984,36086,0,0,0,18102,17984,36086
BALLINA,BNK,2015,4,76,19599,20173,39772,0,0,0,19599,20173,39772
BALLINA,BNK,2015,5,77,15937,16216,32153,0,0,0,15937,16216,32153
BALLINA,BNK,2015,6,78,16250,16135,32385,0,0,0,16250,16135,32385
BALLINA,BNK,2015,7,79,18513,19000,37513,0,0,0,18513,19000,37513
BALLINA,BNK,2015,8,80,17107,17073,34180,0,0,0,17107,17073,34180
BALLINA,BNK,2015,9,81,21295,20346,41641,0,0,0,21295,20346,41641
BALLINA,BNK,2015,10,82,21492,22587,44079,0,0,0,21492,22587,44079
BALLINA,BNK,2015,11,83,18420,18281,36701,0,0,0,18420,18281,36701
BALLINA,BNK,2015,12,84,22277,21230,43507,0,0,0,22277,21230,43507
BALLINA,BNK,2016,1,85,22620,24286,46906,0,0,0,22620,24286,46906
BALLINA,BNK,2016,2,86,18248,18346,36594,0,0,0,18248,18346,36594
BALLINA,BNK,2016,3,87,21013,20676,41689,0,0,0,21013,20676,41689
BALLINA,BNK,2016,4,88,19736,20262,39998,0,0,0,19736,20262,39998
BALLINA,BNK,2016,5,89,16647,17018,33665,0,0,0,16647,17018,33665
BALLINA,BNK,2016,6,90,16601,15990,32591,0,0,0,16601,15990,32591
BALLINA,BNK,2016,7,91,20878,21002,41880,0,0,0,20878,21002,41880
BALLINA,BNK,2016,8,92,16839,17001,33840,0,0,0,16839,17001,33840
BALLINA,BNK,2016,9,93,22038,20627,42665,0,0,0,22038,20627,42665
BALLINA,BNK,2016,10,94,23453,23982,47435,0,0,0,23453,23982,47435
BALLINA,BNK,2016,11,95,20317,20018,40335,0,0,0,20317,20018,40335
BALLINA,BNK,2016,12,96,25920,24405,50325,0,0,0,25920,24405,50325
BALLINA,BNK,2017,1,97,24867,27034,51901,0,0,0,24867,27034,51901
BALLINA,BNK,2017,2,98,18510,18387,36897,0,0,0,18510,18387,36897
BALLINA,BNK,2017,3,99,20445,20625,41070,0,0,0,20445,20625,41070
BALLINA,BNK,2017,4,100,24319,24171,48490,0,0,0,24319,24171,48490
BALLINA,BNK,2017,5,101,16786,17416,34202,0,0,0,16786,17416,34202
BALLINA,BNK,2017,6,102,17159,16600,33759,0,0,0,17159,16600,33759
BALLINA,BNK,2017,7,103,20665,20831,41496,0,0,0,20665,20831,41496
BALLINA,BNK,2017,8,104,16863,16984,33847,0,0,0,16863,16984,33847
BALLINA,BNK,2017,9,105,22647,21343,43990,0,0,0,22647,21343,43990
BALLINA,BNK,2017,10,106,24283,25312,49595,0,0,0,24283,25312,49595
BALLINA,BNK,2017,11,107,21524,21530,43054,0,0,0,21524,21530,43054
BALLINA,BNK,2017,12,108,26533,24745,51278,0,0,0,26533,24745,51278
BALLINA,BNK,2018,1,109,27192,29470,56662,0,0,0,27192,29470,56662
BALLINA,BNK,2018,2,110,20782,20844,41626,0,0,0,20782,20844,41626
BALLINA,BNK,2018,3,111,22795,21894,44689,0,0,0,22795,21894,44689
BALLINA,BNK,2018,4,112,23004,24426,47430,0,0,0,23004,24426,47430
BALLINA,BNK,2018,5,113,18588,18802,37390,0,0,0,18588,18802,37390
BALLINA,BNK,2018,6,114,18215,17502,35717,0,0,0,18215,17502,35717
BALLINA,BNK,2018,7,115,22997,23183,46180,0,0,0,22997,23183,46180
BALLINA,BNK,2018,8,116,20039,20084,40123,0,0,0,20039,20084,40123
BALLINA,BNK,2018,9,117,21971,20995,42966,0,0,0,21971,20995,42966
BALLINA,BNK,2018,10,118,25099,25794,50893,0,0,0,25099,25794,50893
BALLINA,BNK,2018,11,119,21694,21290,42984,0,0,0,21694,21290,42984
BALLINA,BNK,2018,12,120,26557,24963,51520,0,0,0,26557,24963,51520
BALLINA,BNK,2019,1,121,27119,29344,56463,0,0,0,27119,29344,56463
BALLINA,BNK,2019,2,122,18999,19168,38167,0,0,0,18999,19168,38167
BALLINA,BNK,2019,3,123,22612,22596,45208,0,0,0,22612,22596,45208
BALLINA,BNK,2019,4,124,24051,23949,48000,0,0,0,24051,23949,48000
BALLINA,BNK,2019,5,125,18031,18257,36288,0,0,0,18031,18257,36288
BALLINA,BNK,2019,6,126,17894,17387,35281,0,0,0,17894,17387,35281
BALLINA,BNK,2019,7,127,22932,23029,45961,0,0,0,22932,23029,45961
BALLINA,BNK,2019,8,128,19791,19809,39600,0,0,0,19791,19809,39600
BALLINA,BNK,2019,9,129,22424,21109,43533,0,0,0,22424,21109,43533
BALLINA,BNK,2019,10,130,23850,24551,48401,0,0,0,23850,24551,48401
BALLINA,BNK,2019,11,131,22416,22485,44901,0,0,0,22416,22485,44901
BALLINA,BNK,2019,12,132,27028,24448,51476,0,0,0,27028,24448,51476
BALLINA,BNK,2020,1,133,27390,30186,57576,0,0,0,27390,30186,57576
BALLINA,BNK,2020,2,134,20690,20309,40999,0,0,0,20690,20309,40999
BALLINA,BNK,2020,3,135,13835,14568,28403,0,0,0,13835,14568,28403
BALLINA,BNK,2020,4,136,195,182,377,0,0,0,195,182,377
BALLINA,BNK,2020,5,137,1257,1272,2529,0,0,0,1257,1272,2529
BALLINA,BNK,2020,6,138,4322,3587,7909,0,0,0,4322,3587,7909
BALLINA,BNK,2020,7,139,15858,15370,31228,0,0,0,15858,15370,31228
BALLINA,BNK,2020,8,140,13248,13906,27154,0,0,0,13248,13906,27154
BALLINA,BNK,2020,9,141,18682,17462,36144,0,0,0,18682,17462,36144
BALLINA,BNK,2020,10,142,25422,25769,51191,0,0,0,25422,25769,51191
BALLINA,BNK,2020,11,143,29389,26973,56362,0,0,0,29389,26973,56362
BALLINA,BNK,2020,12,144,35876,31529,67405,0,0,0,35876,31529,67405
BALLINA,BNK,2021,1,145,28046,31562,59608,0,0,0,28046,31562,59608
BALLINA,BNK,2021,2,146,25021,24357,49378,0,0,0,25021,24357,49378
BALLINA,BNK,2021,3,147,28068,28406,56474,0,0,0,28068,28406,56474
BALLINA,BNK,2021,4,148,29364,29741,59105,0,0,0,29364,29741,59105
BALLINA,BNK,2021,5,149,25018,26076,51094,0,0,0,25018,26076,51094
BALLINA,BNK,2021,6,150,22841,20763,43604,0,0,0,22841,20763,43604
BALLINA,BNK,2021,7,151,3537,5022,8559,0,0,0,3537,5022,8559
BALLINA,BNK,2021,8,152,1066,1119,2185,0,0,0,1066,1119,2185
BALLINA,BNK,2021,9,153,1540,1321,2861,0,0,0,1540,1321,2861
BALLINA,BNK,2021,10,154,3896,4070,7966,0,0,0,3896,4070,7966
BALLINA,BNK,2021,11,155,40727,36702,77429,0,0,0,40727,36702,77429
BALLINA,BNK,2021,12,156,55978,50443,106421,0,0,0,55978,50443,106421
BALLINA,BNK,2022,1,157,33426,39287,72713,0,0,0,33426,39287,72713
BALLINA,BNK,2022,2,158,20886,20946,41832,0,0,0,20886,20946,41832
BALLINA,BNK,2022,3,159,21359,22365,43724,0,0,0,21359,22365,43724
BALLINA,BNK,2022,4,160,30264,30175,60439,0,0,0,30264,30175,60439
BALLINA,BNK,2022,5,161,26383,27292,53675,0,0,0,26383,27292,53675
BALLINA,BNK,2022,6,162,25244,24336,49580,0,0,0,25244,24336,49580
BALLINA,BNK,2022,7,163,25628,25714,51342,0,0,0,25628,25714,51342
BALLINA,BNK,2022,8,164,22354,23191,45545,0,0,0,22354,23191,45545
BALLINA,BNK,2022,9,165,25795,24241,50036,0,0,0,25795,24241,50036
BALLINA,BNK,2022,10,166,27176,27849,55025,0,0,0,27176,27849,55025
BALLINA,BNK,2022,11,167,29717,28972,58689,0,0,0,29717,28972,58689
BALLINA,BNK,2022,12,168,28435,28278,56713,0,0,0,28435,28278,56713
BALLINA,BNK,2023,1,169,29525,31981,61506,0,0,0,29525,31981,61506
BALLINA,BNK,2023,2,170,24589,24374,48963,0,0,0,24589,24374,48963
BALLINA,BNK,2023,3,171,29482,29328,58810,0,0,0,29482,29328,58810
BALLINA,BNK,2023,4,172,26230,26146,52376,0,0,0,26230,26146,52376
BALLINA,BNK,2023,5,173,23516,24455,47971,0,0,0,23516,24455,47971
BALLINA,BNK,2023,6,174,23442,22194,45636,0,0,0,23442,22194,45636
BALLINA,BNK,2023,7,175,26226,26480,52706,0,0,0,26226,26480,52706
BALLINA,BNK,2023,8,176,25100,25478,50578,0,0,0,25100,25478,50578
BALLINA,BNK,2023,9,177,28237,26806,55043,0,0,0,28237,26806,55043
BALLINA,BNK,2023,10,178,27510,28163,55673,0,0,0,27510,28163,55673
BALLINA,BNK,2023,11,179,26925,26298,53223,0,0,0,26925,26298,53223
BALLINA,BNK,2023,12,180,28729,27966,56695,0,0,0,28729,27966,56695
BALLINA,BNK,2024,1,181,26601,27920,54521,0,0,0,26601,27920,54521
BALLINA,BNK,2024,2,182,24718,24905,49623,0,0,0,24718,24905,49623
BALLINA,BNK,2024,3,183,26858,25954,52812,0,0,0,26858,25954,52812
BALLINA,BNK,2024,4,184,25631,26794,52425,0,0,0,25631,26794,52425
BALLINA,BNK,2024,5,185,21835,22396,44231,0,0,0,21835,22396,44231
BALLINA,BNK,2024,6,186,21503,21225,42728,0,0,0,21503,21225,42728
BALLINA,BNK,2024,7,187,26249,26428,52677,0,0,0,26249,26428,52677
BALLINA,BNK,2024,8,188,24886,25156,50042,0,0,0,24886,25156,50042
BALLINA,BNK,2024,9,189,27439,26218,53657,0,0,0,27439,26218,53657
BALLINA,BNK,2024,10,190,28977,30004,58981,0,0,0,28977,30004,58981
BALLINA,BNK,2024,11,191,28675,28789,57464,0,0,0,28675,28789,57464
BALLINA,BNK,2024,12,192,30117,28942,59059,0,0,0,30117,28942,59059
BALLINA,BNK,2025,1,193,29111,29961,59072,0,0,0,29111,29961,59072
BALLINA,BNK,2025,2,194,23640,23582,47222,0,0,0,23640,23582,47222
BALLINA,BNK,2025,3,195,20974,19983,40957,0,0,0,20974,19983,40957
BALLINA,BNK,2025,4,196,25251,25482,50733,0,0,0,25251,25482,50733
BALLINA,BNK,2025,5,197,20354,21207,41561,0,0,0,20354,21207,41561
BALLINA,BNK,2025,6,198,20173,20475,40648,0,0,0,20173,20475,40648
BRISBANE,BNE,2009,1,1,626445,632882,1259327,205011,172799,377810,831456,805681,1637137
BRISBANE,BNE,2009,2,2,520093,519172,1039265,156061,144635,300696,676154,663807,1339961
BRISBANE,BNE,2009,3,3,594507,593558,1188065,156115,158487,314602,750622,752045,1502667
BRISBANE,BNE,2009,4,4,608593,604520,1213113,161297,173044,334341,769890,777564,1547454
BRISBANE,BNE,2009,5,5,584999,579257,1164256,148025,155486,303511,733024,734743,1467767
BRISBANE,BNE,2009,6,6,569266,568461,1137727,151730,172408,324138,720996,740869,1461865
BRISBANE,BNE,2009,7,7,645966,634920,1280886,199264,172957,372221,845230,807877,1653107
BRISBANE,BNE,2009,8,8,612792,611221,1224013,169620,183377,352997,782412,794598,1577010
BRISBANE,BNE,2009,9,9,637070,631560,1268630,175337,183274,358611,812407,814834,1627241
BRISBANE,BNE,2009,10,10,663699,667650,1331349,191678,172089,363767,855377,839739,1695116
BRISBANE,BNE,2009,11,11,611573,619324,1230897,161768,173891,335659,773341,793215,1566556
BRISBANE,BNE,2009,12,12,633923,624473,1258396,175947,202871,378818,809870,827344,1637214
BRISBANE,BNE,2010,1,13,584635,595191,1179826,203308,173057,376365,787943,768248,1556191
BRISBANE,BNE,2010,2,14,545876,545378,1091254,160009,147233,307242,705885,692611,1398496
BRISBANE,BNE,2010,3,15,605994,603265,1209259,162490,168234,330724,768484,771499,1539983
BRISBANE,BNE,2010,4,16,621672,626921,1248593,161473,166938,328411,783145,793859,1577004
BRISBANE,BNE,2010,5,17,596680,592018,1188698,149297,158209,307506,745977,750227,1496204
BRISBANE,BNE,2010,6,18,609580,612834,1222414,163393,187027,350420,772973,799861,1572834
BRISBANE,BNE,2010,7,19,695302,675766,1371068,220390,188120,408510,915692,863886,1779578
BRISBANE,BNE,2010,8,20,661735,667083,1328818,179247,194188,373435,840982,861271,1702253
BRISBANE,BNE,2010,9,21,687199,679663,1366862,187251,193066,380317,874450,872729,1747179
BRISBANE,BNE,2010,10,22,705758,711488,1417246,197989,178468,376457,903747,889956,1793703
BRISBANE,BNE,2010,11,23,663810,669962,1333772,167586,178601,346187,831396,848563,1679959
BRISBANE,BNE,2010,12,24,696432,683949,1380381,183545,213138,396683,879977,897087,1777064
BRISBANE,BNE,2011,1,25,583192,600245,1183437,216100,179977,396077,799292,780222,1579514
BRISBANE,BNE,2011,2,26,550493,554263,1104756,160230,146869,307099,710723,701132,1411855
BRISBANE,BNE,2011,3,27,639595,638987,1278582,155406,155471,310877,795001,794458,1589459
BRISBANE,BNE,2011,4,28,659295,659943,1319238,170423,184505,354928,829718,844448,1674166
BRISBANE,BNE,2011,5,29,646930,644697,1291627,165542,168888,334430,812472,813585,1626057
BRISBANE,BNE,2011,6,30,625865,632359,1258224,166624,189150,355774,792489,821509,1613998
BRISBANE,BNE,2011,7,31,728844,703758,1432602,230003,191645,421648,958847,895403,1854250
BRISBANE,BNE,2011,8,32,695252,696200,1391452,186412,198789,385201,881664,894989,1776653
BRISBANE,BNE,2011,9,33,707665,694602,1402267,191295,200297,391592,898960,894899,1793859
BRISBANE,BNE,2011,10,34,711157,722627,1433784,216988,183402,400390,928145,906029,1834174
BRISBANE,BNE,2011,11,35,687385,697645,1385030,177310,187609,364919,864695,885254,1749949
BRISBANE,BNE,2011,12,36,713241,694743,1407984,196012,225920,421932,909253,920663,1829916
BRISBANE,BNE,2012,1,37,652897,672445,1325342,230713,186380,417093,883610,858825,1742435
BRISBANE,BNE,2012,2,38,598252,600302,1198554,171310,151617,322927,769562,751919,1521481
BRISBANE,BNE,2012,3,39,685394,684321,1369715,169085,171101,340186,854479,855422,1709901
BRISBANE,BNE,2012,4,40,672498,672012,1344510,180955,181959,362914,853453,853971,1707424
BRISBANE,BNE,2012,5,41,670557,669601,1340158,157384,162873,320257,827941,832474,1660415
BRISBANE,BNE,2012,6,42,658058,664158,1322216,178946,191999,370945,837004,856157,1693161
BRISBANE,BNE,2012,7,43,733530,726697,1460227,220763,184288,405051,954293,910985,1865278
BRISBANE,BNE,2012,8,44,720138,712978,1433116,183399,190788,374187,903537,903766,1807303
BRISBANE,BNE,2012,9,45,719914,713252,1433166,191827,196811,388638,911741,910063,1821804
BRISBANE,BNE,2012,10,46,755041,759021,1514062,212706,180386,393092,967747,939407,1907154
BRISBANE,BNE,2012,11,47,722127,720893,1443020,175100,184029,359129,897227,904922,1802149
BRISBANE,BNE,2012,12,48,717679,699584,1417263,200049,216945,416994,917728,916529,1834257
BRISBANE,BNE,2013,1,49,654088,674779,1328867,222033,181468,403501,876121,856247,1732368
BRISBANE,BNE,2013,2,50,600209,600660,1200869,176148,156465,332613,776357,757125,1533482
BRISBANE,BNE,2013,3,51,676094,669643,1345737,180132,184082,364214,856226,853725,1709951
BRISBANE,BNE,2013,4,52,682036,674360,1356396,183072,174775,357847,865108,849135,1714243
BRISBANE,BNE,2013,5,53,669358,667312,1336670,166381,173192,339573,835739,840504,1676243
BRISBANE,BNE,2013,6,54,667894,684459,1352353,186576,201564,388140,854470,886023,1740493
BRISBANE,BNE,2013,7,55,762731,745224,1507955,234492,190947,425439,997223,936171,1933394
BRISBANE,BNE,2013,8,56,729675,720843,1450518,202091,209981,412072,931766,930824,1862590
BRISBANE,BNE,2013,9,57,721283,714519,1435802,203232,209090,412322,924515,923609,1848124
BRISBANE,BNE,2013,10,58,768788,774774,1543562,225003,188766,413769,993791,963540,1957331
BRISBANE,BNE,2013,11,59,718088,718447,1436535,184757,192166,376923,902845,910613,1813458
BRISBANE,BNE,2013,12,60,750551,729882,1480433,209001,233727,442728,959552,963609,1923161
BRISBANE,BNE,2014,1,61,683604,688577,1372181,243665,197869,441534,927269,886446,1813715
BRISBANE,BNE,2014,2,62,611754,613347,1225101,184183,168744,352927,795937,782091,1578028
BRISBANE,BNE,2014,3,63,697430,695026,1392456,182017,180736,362753,879447,875762,1755209
BRISBANE,BNE,2014,4,64,717116,713104,1430220,203052,203842,406894,920168,916946,1837114
BRISBANE,BNE,2014,5,65,690348,686761,1377109,181007,186442,367449,871355,873203,1744558
BRISBANE,BNE,2014,6,66,677315,684118,1361433,185947,207236,393183,863262,891354,1754616
BRISBANE,BNE,2014,7,67,767925,756240,1524165,247977,207772,455749,1015902,964012,1979914
BRISBANE,BNE,2014,8,68,724926,719873,1444799,213173,223083,436256,938099,942956,1881055
BRISBANE,BNE,2014,9,69,723998,723032,1447030,216209,214891,431100,940207,937923,1878130
BRISBANE,BNE,2014,10,70,776924,780848,1557772,234133,204479,438612,1011057,985327,1996384
BRISBANE,BNE,2014,11,71,693076,696103,1389179,197992,207211,405203,891068,903314,1794382
BRISBANE,BNE,2014,12,72,739816,721575,1461391,221355,251966,473321,961171,973541,1934712
BRISBANE,BNE,2015,1,73,649819,670411,1320230,259107,217528,476635,908926,887939,1796865
BRISBANE,BNE,2015,2,74,594295,594204,1188499,204702,186053,390755,798997,780257,1579254
BRISBANE,BNE,2015,3,75,697493,691926,1389419,205557,209665,415222,903050,901591,1804641
BRISBANE,BNE,2015,4,76,691971,694729,1386700,205882,212965,418847,897853,907694,1805547
BRISBANE,BNE,2015,5,77,668512,665042,1333554,189075,198431,387506,857587,863473,1721060
BRISBANE,BNE,2015,6,78,665708,666152,1331860,194338,219792,414130,860046,885944,1745990
BRISBANE,BNE,2015,7,79,772477,755862,1528339,246477,216603,463080,1018954,972465,1991419
BRISBANE,BNE,2015,8,80,701345,703706,1405051,217948,232266,450214,919293,935972,1855265
BRISBANE,BNE,2015,9,81,734237,724209,1458446,222465,226764,449229,956702,950973,1907675
BRISBANE,BNE,2015,10,82,752480,761055,1513535,242288,216271,458559,994768,977326,1972094
BRISBANE,BNE,2015,11,83,716798,726921,1443719,202450,210900,413350,919248,937821,1857069
BRISBANE,BNE,2015,12,84,754152,733470,1487622,232652,268343,500995,986804,1001813,1988617
BRISBANE,BNE,2016,1,85,668003,684524,1352527,272608,233848,506456,940611,918372,1858983
BRISBANE,BNE,2016,2,86,627222,628947,1256169,212385,196486,408871,839607,825433,1665040
BRISBANE,BNE,2016,3,87,710475,717302,1427777,207898,219618,427516,918373,936920,1855293
BRISBANE,BNE,2016,4,88,698082,690470,1388552,212414,207393,419807,910496,897863,1808359
BRISBANE,BNE,2016,5,89,684637,680157,1364794,192720,200906,393626,877357,881063,1758420
BRISBANE,BNE,2016,6,90,686183,685336,1371519,201824,228594,430418,888007,913930,1801937
BRISBANE,BNE,2016,7,91,774563,759615,1534178,265175,226192,491367,1039738,985807,2025545
BRISBANE,BNE,2016,8,92,717033,719211,1436244,221238,238799,460037,938271,958010,1896281
BRISBANE,BNE,2016,9,93,751149,738748,1489897,235700,237262,472962,986849,976010,1962859
BRISBANE,BNE,2016,10,94,745465,757564,1503029,251916,231523,483439,997381,989087,1986468
BRISBANE,BNE,2016,11,95,715585,722357,1437942,212287,226400,438687,927872,948757,1876629
BRISBANE,BNE,2016,12,96,760279,732945,1493224,242936,273622,516558,1003215,1006567,2009782
BRISBANE,BNE,2017,1,97,679191,700014,1379205,280306,243488,523794,959497,943502,1902999
BRISBANE,BNE,2017,2,98,603110,607321,1210431,217270,195290,412560,820380,802611,1622991
BRISBANE,BNE,2017,3,99,704824,700905,1405729,215447,224530,439977,920271,925435,1845706
BRISBANE,BNE,2017,4,100,700334,701979,1402313,236642,240158,476800,936976,942137,1879113
BRISBANE,BNE,2017,5,101,693729,679803,1373532,207596,219433,427029,901325,899236,1800561
BRISBANE,BNE,2017,6,102,692620,694779,1387399,216431,240442,456873,909051,935221,1844272
BRISBANE,BNE,2017,7,103,785638,777468,1563106,272272,237677,509949,1057910,1015145,2073055
BRISBANE,BNE,2017,8,104,732144,735371,1467515,233723,250234,483957,965867,985605,1951472
BRISBANE,BNE,2017,9,105,757027,737443,1494470,245888,248264,494152,1002915,985707,1988622
BRISBANE,BNE,2017,10,106,764991,789151,1554142,260136,234779,494915,1025127,1023930,2049057
BRISBANE,BNE,2017,11,107,738661,741905,1480566,222363,235437,457800,961024,977342,1938366
BRISBANE,BNE,2017,12,108,763468,738050,1501518,257004,294531,551535,1020472,1032581,2053053
BRISBANE,BNE,2018,1,109,681869,696460,1378329,296079,248966,545045,977948,945426,1923374
BRISBANE,BNE,2018,2,110,627502,632036,1259538,231627,211703,443330,859129,843739,1702868
BRISBANE,BNE,2018,3,111,732614,724871,1457485,241454,245843,487297,974068,970714,1944782
BRISBANE,BNE,2018,4,112,702211,701528,1403739,243330,247399,490729,945541,948927,1894468
BRISBANE,BNE,2018,5,113,705597,704367,1409964,222438,234141,456579,928035,938508,1866543
BRISBANE,BNE,2018,6,114,684834,679775,1364609,230782,257206,487988,915616,936981,1852597
BRISBANE,BNE,2018,7,115,803426,793303,1596729,297336,255284,552620,1100762,1048587,2149349
BRISBANE,BNE,2018,8,116,756649,754898,1511547,256833,277712,534545,1013482,1032610,2046092
BRISBANE,BNE,2018,9,117,732027,722595,1454622,257304,271474,528778,989331,994069,1983400
BRISBANE,BNE,2018,10,118,775645,787653,1563298,284433,248094,532527,1060078,1035747,2095825
BRISBANE,BNE,2018,11,119,745591,744689,1490280,231942,246721,478663,977533,991410,1968943
BRISBANE,BNE,2018,12,120,744079,720310,1464389,265519,308614,574133,1009598,1028924,2038522
BRISBANE,BNE,2019,1,121,680091,694414,1374505,317314,268620,585934,997405,963034,1960439
BRISBANE,BNE,2019,2,122,616250,622404,1238654,242960,216993,459953,859210,839397,1698607
BRISBANE,BNE,2019,3,123,716941,707741,1424682,236208,242477,478685,953149,950218,1903367
BRISBANE,BNE,2019,4,124,729676,729399,1459075,253286,268696,521982,982962,998095,1981057
BRISBANE,BNE,2019,5,125,713574,705242,1418816,239373,246644,486017,952947,951886,1904833
BRISBANE,BNE,2019,6,126,688110,690716,1378826,242225,271760,513985,930335,962476,1892811
BRISBANE,BNE,2019,7,127,807079,791137,1598216,313718,267968,581686,1120797,1059105,2179902
BRISBANE,BNE,2019,8,128,767014,761185,1528199,272091,295442,567533,1039105,1056627,2095732
BRISBANE,BNE,2019,9,129,760862,757044,1517906,262254,278326,540580,1023116,1035370,2058486
BRISBANE,BNE,2019,10,130,807162,817472,1624634,295301,259813,555114,1102463,1077285,2179748
BRISBANE,BNE,2019,11,131,746493,752828,1499321,255212,266720,521932,1001705,1019548,2021253
BRISBANE,BNE,2019,12,132,773116,744192,1517308,284412,327751,612163,1057528,1071943,2129471
BRISBANE,BNE,2020,1,133,707885,734476,1442361,333471,283668,617139,1041356,1018144,2059500
BRISBANE,BNE,2020,2,134,606981,612685,1219666,223875,197282,421157,830856,809967,1640823
BRISBANE,BNE,2020,3,135,445000,440149,885149,138690,125177,263867,583690,565326,1149016
BRISBANE,BNE,2020,4,136,26799,28101,54900,2379,6582,8961,29178,34683,63861
BRISBANE,BNE,2020,5,137,32659,32637,65296,1809,2679,4488,34468,35316,69784
BRISBANE,BNE,2020,6,138,71393,76000,147393,4496,5537,10033,75889,81537,157426
BRISBANE,BNE,2020,7,139,180038,171365,351403,3985,7081,11066,184023,178446,362469
BRISBANE,BNE,2020,8,140,140987,146225,287212,2853,8057,10910,143840,154282,298122
BRISBANE,BNE,2020,9,141,154735,156829,311564,2123,5762,7885,156858,162591,319449
BRISBANE,BNE,2020,10,142,193051,184825,377876,5315,7184,12499,198366,192009,390375
BRISBANE,BNE,2020,11,143,217430,224522,441952,4601,4844,9445,222031,229366,451397
BRISBANE,BNE,2020,12,144,414477,387548,802025,5302,5539,10841,419779,393087,812866
BRISBANE,BNE,2021,1,145,267902,283907,551809,4659,5284,9943,272561,289191,561752
BRISBANE,BNE,2021,2,146,298130,300469,598599,4586,4144,8730,302716,304613,607329
BRISBANE,BNE,2021,3,147,427648,425920,853568,6444,3936,10380,434092,429856,863948
BRISBANE,BNE,2021,4,148,429654,437156,866810,9980,11642,21622,439634,448798,888432
BRISBANE,BNE,2021,5,149,511000,503556,1014556,25723,22710,48433,536723,526266,1062989
BRISBANE,BNE,2021,6,150,430307,432858,863165,28021,24882,52903,458328,457740,916068
BRISBANE,BNE,2021,7,151,249494,245299,494793,19956,21025,40981,269450,266324,535774
BRISBANE,BNE,2021,8,152,121497,122053,243550,5549,4909,10458,127046,126962,254008
BRISBANE,BNE,2021,9,153,218867,223494,442361,3420,4240,7660,222287,227734,450021
BRISBANE,BNE,2021,10,154,234056,228529,462585,3399,4891,8290,237455,233420,470875
BRISBANE,BNE,2021,11,155,250852,253869,504721,2578,7419,9997,253430,261288,514718
BRISBANE,BNE,2021,12,156,395624,366513,762137,4454,14148,18602,400078,380661,780739
BRISBANE,BNE,2022,1,157,344849,354577,699426,13581,11602,25183,358430,366179,724609
BRISBANE,BNE,2022,2,158,353768,356813,710581,29642,16900,46542,383410,373713,757123
BRISBANE,BNE,2022,3,159,512295,519705,1032000,44992,40392,85384,557287,560097,1117384
BRISBANE,BNE,2022,4,160,656158,657024,1313182,75699,78551,154250,731857,735575,1467432
BRISBANE,BNE,2022,5,161,634184,628422,1262606,84015,90484,174499,718199,718906,1437105
BRISBANE,BNE,2022,6,162,654731,657804,1312535,96894,110899,207793,751625,768703,1520328
BRISBANE,BNE,2022,7,163,698031,688182,1386213,141980,131641,273621,840011,819823,1659834
BRISBANE,BNE,2022,8,164,644200,639823,1284023,139711,135646,275357,783911,775469,1559380
BRISBANE,BNE,2022,9,165,677647,667478,1345125,147935,143906,291841,825582,811384,1636966
BRISBANE,BNE,2022,10,166,694615,697835,1392450,164173,145909,310082,858788,843744,1702532
BRISBANE,BNE,2022,11,167,662151,674355,1336506,160209,164470,324679,822360,838825,1661185
BRISBANE,BNE,2022,12,168,655328,644468,1299796,168050,192056,360106,823378,836524,1659902
BRISBANE,BNE,2023,1,169,615812,622489,1238301,202387,175332,377719,818199,797821,1616020
BRISBANE,BNE,2023,2,170,572715,567534,1140249,165788,148389,314177,738503,715923,1454426
BRISBANE,BNE,2023,3,171,687168,693293,1380461,173754,173503,347257,860922,866796,1727718
BRISBANE,BNE,2023,4,172,666202,655732,1321934,177699,184288,361987,843901,840020,1683921
BRISBANE,BNE,2023,5,173,670900,666949,1337849,173763,180078,353841,844663,847027,1691690
BRISBANE,BNE,2023,6,174,673019,668794,1341813,190044,207687,397731,863063,876481,1739544
BRISBANE,BNE,2023,7,175,730163,708229,1438392,225371,206945,432316,955534,915174,1870708
BRISBANE,BNE,2023,8,176,708809,706897,1415706,207038,215279,422317,915847,922176,1838023
BRISBANE,BNE,2023,9,177,727365,722667,1450032,217038,216383,433421,944403,939050,1883453
BRISBANE,BNE,2023,10,178,730214,737807,1468021,225733,208142,433875,955947,945949,1901896
BRISBANE,BNE,2023,11,179,711614,719765,1431379,213208,227229,440437,924822,946994,1871816
BRISBANE,BNE,2023,12,180,696715,682245,1378960,249928,280462,530390,946643,962707,1909350
BRISBANE,BNE,2024,1,181,626280,631193,1257473,284827,238356,523183,911107,869549,1780656
BRISBANE,BNE,2024,2,182,633353,637597,1270950,241020,221717,462737,874373,859314,1733687
BRISBANE,BNE,2024,3,183,691994,687596,1379590,240810,249842,490652,932804,937438,1870242
BRISBANE,BNE,2024,4,184,677898,672768,1350666,233829,234502,468331,911727,907270,1818997
BRISBANE,BNE,2024,5,185,705787,700883,1406670,221626,231012,452638,927413,931895,1859308
BRISBANE,BNE,2024,6,186,698055,711252,1409307,234534,252607,487141,932589,963859,1896448
BRISBANE,BNE,2024,7,187,773587,750986,1524573,279427,244221,523648,1053014,995207,2048221
BRISBANE,BNE,2024,8,188,738386,735451,1473837,248309,263879,512188,986695,999330,1986025
BRISBANE,BNE,2024,9,189,755785,740514,1496299,260420,267838,528258,1016205,1008352,2024557
BRISBANE,BNE,2024,10,190,775966,793705,1569671,278725,258579,537304,1054691,1052284,2106975
BRISBANE,BNE,2024,11,191,742575,752242,1494817,257240,275082,532322,999815,1027324,2027139
BRISBANE,BNE,2024,12,192,741628,731302,1472930,292785,335351,628136,1034413,1066653,2101066
BRISBANE,BNE,2025,1,193,702488,705463,1407951,344059,293588,637647,1046547,999051,2045598
BRISBANE,BNE,2025,2,194,629383,623803,1253186,262101,233161,495262,891484,856964,1748448
BRISBANE,BNE,2025,3,195,642328,645696,1288024,241768,245700,487468,884096,891396,1775492
BRISBANE,BNE,2025,4,196,741206,735043,1476249,268046,284719,552765,1009252,1019762,2029014
BRISBANE,BNE,2025,5,197,728386,719228,1447614,261414,262439,523853,989800,981667,1971467
BRISBANE,BNE,2025,6,198,698485,718994,1417479,263642,281568,545210,962127,1000562,1962689
CAIRNS,CNS,2009,1,1,130359,138023,268382,18537,16984,35521,148896,155007,303903
CAIRNS,CNS,2009,2,2,102988,106588,209576,15352,14234,29586,118340,120822,239162
CAIRNS,CNS,2009,3,3,118938,118160,237098,18198,17539,35737,137136,135699,272835
CAIRNS,CNS,2009,4,4,128098,127789,255887,16231,15879,32110,144329,143668,287997
CAIRNS,CNS,2009,5,5,120353,121254,241607,14333,15001,29334,134686,136255,270941
CAIRNS,CNS,2009,6,6,126032,121247,247279,14746,14498,29244,140778,135745,276523
CAIRNS,CNS,2009,7,7,155297,153463,308760,17755,16377,34132,173052,169840,342892
CAIRNS,CNS,2009,8,8,142390,147829,290219,18813,19954,38767,161203,167783,328986
CAIRNS,CNS,2009,9,9,141266,135231,276497,18699,18824,37523,159965,154055,314020
CAIRNS,CNS,2009,10,10,144382,145780,290162,18559,17194,35753,162941,162974,325915
CAIRNS,CNS,2009,11,11,130274,131348,261622,16111,16589,32700,146385,147937,294322
CAIRNS,CNS,2009,12,12,124533,121771,246304,18047,16349,34396,142580,138120,280700
CAIRNS,CNS,2010,1,13,115618,122164,237782,16968,16811,33779,132586,138975,271561
CAIRNS,CNS,2010,2,14,109475,113285,222760,18708,15744,34452,128183,129029,257212
CAIRNS,CNS,2010,3,15,117633,114623,232256,18641,18119,36760,136274,132742,269016
CAIRNS,CNS,2010,4,16,123075,126177,249252,19035,19013,38048,142110,145190,287300
CAIRNS,CNS,2010,5,17,120298,118481,238779,16586,18067,34653,136884,136548,273432
CAIRNS,CNS,2010,6,18,138996,129471,268467,17905,18512,36417,156901,147983,304884
CAIRNS,CNS,2010,7,19,159579,160532,320111,24341,20546,44887,183920,181078,364998
CAIRNS,CNS,2010,8,20,149446,153659,303105,24728,27474,52202,174174,181133,355307
CAIRNS,CNS,2010,9,21,155627,146363,301990,24691,24656,49347,180318,171019,351337
CAIRNS,CNS,2010,10,22,155810,161684,317494,23636,21613,45249,179446,183297,362743
CAIRNS,CNS,2010,11,23,137290,140552,277842,22274,22039,44313,159564,162591,322155
CAIRNS,CNS,2010,12,24,145414,138845,284259,22953,22813,45766,168367,161658,330025
CAIRNS,CNS,2011,1,25,129363,135005,264368,22107,22050,44157,151470,157055,308525
CAIRNS,CNS,2011,2,26,107247,110367,217614,18556,16331,34887,125803,126698,252501
CAIRNS,CNS,2011,3,27,120947,121066,242013,19990,19163,39153,140937,140229,281166
CAIRNS,CNS,2011,4,28,138443,134419,272862,18519,18859,37378,156962,153278,310240
CAIRNS,CNS,2011,5,29,130729,130933,261662,17356,18504,35860,148085,149437,297522
CAIRNS,CNS,2011,6,30,146939,138109,285048,19085,18693,37778,166024,156802,322826
CAIRNS,CNS,2011,7,31,168361,169448,337809,26916,22192,49108,195277,191640,386917
CAIRNS,CNS,2011,8,32,155585,161361,316946,25287,27519,52806,180872,188880,369752
CAIRNS,CNS,2011,9,33,152813,144176,296989,23082,24708,47790,175895,168884,344779
CAIRNS,CNS,2011,10,34,152406,159147,311553,23564,21727,45291,175970,180874,356844
CAIRNS,CNS,2011,11,35,136771,140387,277158,19625,19528,39153,156396,159915,316311
CAIRNS,CNS,2011,12,36,141033,136042,277075,20453,20258,40711,161486,156300,317786
CAIRNS,CNS,2012,1,37,137858,145152,283010,20310,19523,39833,158168,164675,322843
CAIRNS,CNS,2012,2,38,109778,114481,224259,19335,17247,36582,129113,131728,260841
CAIRNS,CNS,2012,3,39,129302,127120,256422,20417,20853,41270,149719,147973,297692
CAIRNS,CNS,2012,4,40,143393,143788,287181,19108,19012,38120,162501,162800,325301
CAIRNS,CNS,2012,5,41,137338,134226,271564,17032,18281,35313,154370,152507,306877
CAIRNS,CNS,2012,6,42,154180,144376,298556,18641,19582,38223,172821,163958,336779
CAIRNS,CNS,2012,7,43,174535,179859,354394,24553,20007,44560,199088,199866,398954
CAIRNS,CNS,2012,8,44,161718,168050,329768,25790,27104,52894,187508,195154,382662
CAIRNS,CNS,2012,9,45,162460,154247,316707,22772,24224,46996,185232,178471,363703
CAIRNS,CNS,2012,10,46,166184,177593,343777,23142,20398,43540,189326,197991,387317
CAIRNS,CNS,2012,11,47,151728,157888,309616,23103,23068,46171,174831,180956,355787
CAIRNS,CNS,2012,12,48,150197,143744,293941,23186,24671,47857,173383,168415,341798
CAIRNS,CNS,2013,1,49,139922,152258,292180,23084,21479,44563,163006,173737,336743
CAIRNS,CNS,2013,2,50,123938,128914,252852,21829,20189,42018,145767,149103,294870
CAIRNS,CNS,2013,3,51,133590,128582,262172,21533,21190,42723,155123,149772,304895
CAIRNS,CNS,2013,4,52,144224,151242,295466,18953,18806,37759,163177,170048,333225
CAIRNS,CNS,2013,5,53,136268,134823,271091,15953,17390,33343,152221,152213,304434
CAIRNS,CNS,2013,6,54,165711,152438,318149,16920,18395,35315,182631,170833,353464
CAIRNS,CNS,2013,7,55,184689,193806,378495,24150,19409,43559,208839,213215,422054
CAIRNS,CNS,2013,8,56,175719,181971,357690,24696,27564,52260,200415,209535,409950
CAIRNS,CNS,2013,9,57,174335,166530,340865,20101,21374,41475,194436,187904,382340
CAIRNS,CNS,2013,10,58,171668,182915,354583,22144,18929,41073,193812,201844,395656
CAIRNS,CNS,2013,11,59,150984,155655,306639,17798,18220,36018,168782,173875,342657
CAIRNS,CNS,2013,12,60,165079,159070,324149,20333,21652,41985,185412,180722,366134
CAIRNS,CNS,2014,1,61,160822,172757,333579,23911,20221,44132,184733,192978,377711
CAIRNS,CNS,2014,2,62,126598,135121,261719,20129,19117,39246,146727,154238,300965
CAIRNS,CNS,2014,3,63,135222,137603,272825,19065,18792,37857,154287,156395,310682
CAIRNS,CNS,2014,4,64,156096,155713,311809,14670,16394,31064,170766,172107,342873
CAIRNS,CNS,2014,5,65,140494,140629,281123,13715,15252,28967,154209,155881,310090
CAIRNS,CNS,2014,6,66,157186,146090,303276,15273,16675,31948,172459,162765,335224
CAIRNS,CNS,2014,7,67,190882,193790,384672,23638,18074,41712,214520,211864,426384
CAIRNS,CNS,2014,8,68,176583,183251,359834,23182,26286,49468,199765,209537,409302
CAIRNS,CNS,2014,9,69,176654,165752,342406,19242,22088,41330,195896,187840,383736
CAIRNS,CNS,2014,10,70,175380,184351,359731,21715,18589,40304,197095,202940,400035
CAIRNS,CNS,2014,11,71,154640,159052,313692,16906,17259,34165,171546,176311,347857
CAIRNS,CNS,2014,12,72,171023,161710,332733,19374,21343,40717,190397,183053,373450
CAIRNS,CNS,2015,1,73,152476,165203,317679,22204,20752,42956,174680,185955,360635
CAIRNS,CNS,2015,2,74,140012,144177,284189,24375,20661,45036,164387,164838,329225
CAIRNS,CNS,2015,3,75,142490,140180,282670,19341,21334,40675,161831,161514,323345
CAIRNS,CNS,2015,4,76,155106,159990,315096,18491,19824,38315,173597,179814,353411
CAIRNS,CNS,2015,5,77,145872,144667,290539,17628,19137,36765,163500,163804,327304
CAIRNS,CNS,2015,6,78,166490,152862,319352,17394,19542,36936,183884,172404,356288
CAIRNS,CNS,2015,7,79,192616,197402,390018,28199,23289,51488,220815,220691,441506
CAIRNS,CNS,2015,8,80,181781,189008,370789,27312,30336,57648,209093,219344,428437
CAIRNS,CNS,2015,9,81,180672,171210,351882,23846,26196,50042,204518,197406,401924
CAIRNS,CNS,2015,10,82,178571,187352,365923,25590,23096,48686,204161,210448,414609
CAIRNS,CNS,2015,11,83,165109,167707,332816,21836,23067,44903,186945,190774,377719
CAIRNS,CNS,2015,12,84,182390,171966,354356,24899,27384,52283,207289,199350,406639
CAIRNS,CNS,2016,1,85,166392,180143,346535,28354,25600,53954,194746,205743,400489
CAIRNS,CNS,2016,2,86,147359,150684,298043,29128,28700,57828,176487,179384,355871
CAIRNS,CNS,2016,3,87,161725,158261,319986,26429,29816,56245,188154,188077,376231
CAIRNS,CNS,2016,4,88,158962,163293,322255,25976,25867,51843,184938,189160,374098
CAIRNS,CNS,2016,5,89,153667,154045,307712,18986,22772,41758,172653,176817,349470
CAIRNS,CNS,2016,6,90,177835,162796,340631,20267,23078,43345,198102,185874,383976
CAIRNS,CNS,2016,7,91,205259,208746,414005,28946,24878,53824,234205,233624,467829
CAIRNS,CNS,2016,8,92,189152,195768,384920,28342,33282,61624,217494,229050,446544
CAIRNS,CNS,2016,9,93,191670,182330,374000,27185,29632,56817,218855,211962,430817
CAIRNS,CNS,2016,10,94,190492,197416,387908,27703,26910,54613,218195,224326,442521
CAIRNS,CNS,2016,11,95,171693,174915,346608,23821,26864,50685,195514,201779,397293
CAIRNS,CNS,2016,12,96,188179,177439,365618,28437,31320,59757,216616,208759,425375
CAIRNS,CNS,2017,1,97,179645,190243,369888,31070,29762,60832,210715,220005,430720
CAIRNS,CNS,2017,2,98,136709,142652,279361,24322,24762,49084,161031,167414,328445
CAIRNS,CNS,2017,3,99,159059,158396,317455,27174,30646,57820,186233,189042,375275
CAIRNS,CNS,2017,4,100,181848,180316,362164,24815,27684,52499,206663,208000,414663
CAIRNS,CNS,2017,5,101,155382,157929,313311,19798,24128,43926,175180,182057,357237
CAIRNS,CNS,2017,6,102,173798,161089,334887,22086,24497,46583,195884,185586,381470
CAIRNS,CNS,2017,7,103,208892,213575,422467,31200,26249,57449,240092,239824,479916
CAIRNS,CNS,2017,8,104,190495,196881,387376,30565,36935,67500,221060,233816,454876
CAIRNS,CNS,2017,9,105,192190,182477,374667,27687,28833,56520,219877,211310,431187
CAIRNS,CNS,2017,10,106,193857,204903,398760,27636,27173,54809,221493,232076,453569
CAIRNS,CNS,2017,11,107,174737,176302,351039,24211,27170,51381,198948,203472,402420
CAIRNS,CNS,2017,12,108,187915,179021,366936,29556,34214,63770,217471,213235,430706
CAIRNS,CNS,2018,1,109,174815,189015,363830,33610,29869,63479,208425,218884,427309
CAIRNS,CNS,2018,2,110,148120,153832,301952,29756,28672,58428,177876,182504,360380
CAIRNS,CNS,2018,3,111,166498,160548,327046,28706,30677,59383,195204,191225,386429
CAIRNS,CNS,2018,4,112,169060,177203,346263,24471,25518,49989,193531,202721,396252
CAIRNS,CNS,2018,5,113,160164,161252,321416,20491,23509,44000,180655,184761,365416
CAIRNS,CNS,2018,6,114,172358,162744,335102,22089,23370,45459,194447,186114,380561
CAIRNS,CNS,2018,7,115,210462,214490,424952,32402,27031,59433,242864,241521,484385
CAIRNS,CNS,2018,8,116,196958,203255,400213,33261,36904,70165,230219,240159,470378
CAIRNS,CNS,2018,9,117,186993,181215,368208,26298,27264,53562,213291,208479,421770
CAIRNS,CNS,2018,10,118,191602,202568,394170,28446,26124,54570,220048,228692,448740
CAIRNS,CNS,2018,11,119,169838,173124,342962,22546,22310,44856,192384,195434,387818
CAIRNS,CNS,2018,12,120,182221,174912,357133,28415,30812,59227,210636,205724,416360
CAIRNS,CNS,2019,1,121,165466,182593,348059,35119,28466,63585,200585,211059,411644
CAIRNS,CNS,2019,2,122,137677,144222,281899,30795,25815,56610,168472,170037,338509
CAIRNS,CNS,2019,3,123,148353,148820,297173,27643,27018,54661,175996,175838,351834
CAIRNS,CNS,2019,4,124,174165,174537,348702,26308,26781,53089,200473,201318,401791
CAIRNS,CNS,2019,5,125,155803,156734,312537,21257,24427,45684,177060,181161,358221
CAIRNS,CNS,2019,6,126,165242,156860,322102,22586,22671,45257,187828,179531,367359
CAIRNS,CNS,2019,7,127,202599,207474,410073,32703,26768,59471,235302,234242,469544
CAIRNS,CNS,2019,8,128,186770,193366,380136,31853,35300,67153,218623,228666,447289
CAIRNS,CNS,2019,9,129,179272,175399,354671,27488,27903,55391,206760,203302,410062
CAIRNS,CNS,2019,10,130,186674,198083,384757,29088,24945,54033,215762,223028,438790
CAIRNS,CNS,2019,11,131,166611,170095,336706,21997,22149,44146,188608,192244,380852
CAIRNS,CNS,2019,12,132,178108,171434,349542,25408,27336,52744,203516,198770,402286
CAIRNS,CNS,2020,1,133,167386,180829,348215,28638,24465,53103,196024,205294,401318
CAIRNS,CNS,2020,2,134,112318,121118,233436,24070,19120,43190,136388,140238,276626
CAIRNS,CNS,2020,3,135,87371,93860,181231,10976,10079,21055,98347,103939,202286
CAIRNS,CNS,2020,4,136,3459,3967,7426,30,24,54,3489,3991,7480
CAIRNS,CNS,2020,5,137,4457,4324,8781,37,55,92,4494,4379,8873
CAIRNS,CNS,2020,6,138,13751,12639,26390,102,144,246,13853,12783,26636
CAIRNS,CNS,2020,7,139,54621,49769,104390,53,72,125,54674,49841,104515
CAIRNS,CNS,2020,8,140,47105,50717,97822,79,58,137,47184,50775,97959
CAIRNS,CNS,2020,9,141,63478,61080,124558,94,68,162,63572,61148,124720
CAIRNS,CNS,2020,10,142,64549,68830,133379,130,108,238,64679,68938,133617
CAIRNS,CNS,2020,11,143,61386,63204,124590,367,96,463,61753,63300,125053
CAIRNS,CNS,2020,12,144,104291,92785,197076,250,106,356,104541,92891,197432
CAIRNS,CNS,2021,1,145,81168,94999,176167,267,127,394,81435,95126,176561
CAIRNS,CNS,2021,2,146,61052,61666,122718,184,104,288,61236,61770,123006
CAIRNS,CNS,2021,3,147,96171,89306,185477,171,47,218,96342,89353,185695
CAIRNS,CNS,2021,4,148,139312,137320,276632,0,0,0,139312,137320,276632
CAIRNS,CNS,2021,5,149,138197,136872,275069,0,0,0,138197,136872,275069
CAIRNS,CNS,2021,6,150,136235,124787,261022,283,275,558,136518,125062,261580
CAIRNS,CNS,2021,7,151,105136,122044,227180,434,550,984,105570,122594,228164
CAIRNS,CNS,2021,8,152,42963,46215,89178,0,0,0,42963,46215,89178
CAIRNS,CNS,2021,9,153,82306,78141,160447,0,0,0,82306,78141,160447
CAIRNS,CNS,2021,10,154,80925,85901,166826,0,3,3,80925,85904,166829
CAIRNS,CNS,2021,11,155,76280,79303,155583,0,19,19,76280,79322,155602
CAIRNS,CNS,2021,12,156,117397,98493,215890,0,26,26,117397,98519,215916
CAIRNS,CNS,2022,1,157,101593,119639,221232,0,68,68,101593,119707,221300
CAIRNS,CNS,2022,2,158,74950,73920,148870,0,111,111,74950,74031,148981
CAIRNS,CNS,2022,3,159,112705,109426,222131,107,250,357,112812,109676,222488
CAIRNS,CNS,2022,4,160,176984,170675,347659,1597,1374,2971,178581,172049,350630
CAIRNS,CNS,2022,5,161,152773,152054,304827,2277,3020,5297,155050,155074,310124
CAIRNS,CNS,2022,6,162,181033,165059,346092,4037,5344,9381,185070,170403,355473
CAIRNS,CNS,2022,7,163,188524,196632,385156,10314,8022,18336,198838,204654,403492
CAIRNS,CNS,2022,8,164,173475,178869,352344,11323,10614,21937,184798,189483,374281
CAIRNS,CNS,2022,9,165,184671,178202,362873,7586,7664,15250,192257,185866,378123
CAIRNS,CNS,2022,10,166,179425,188390,367815,10261,8440,18701,189686,196830,386516
CAIRNS,CNS,2022,11,167,149558,155164,304722,7692,9456,17148,157250,164620,321870
CAIRNS,CNS,2022,12,168,159727,149179,308906,11267,14438,25705,170994,163617,334611
CAIRNS,CNS,2023,1,169,143420,155313,298733,15885,13920,29805,159305,169233,328538
CAIRNS,CNS,2023,2,170,111683,116266,227949,15903,11957,27860,127586,128223,255809
CAIRNS,CNS,2023,3,171,142578,139756,282334,15864,17120,32984,158442,156876,315318
CAIRNS,CNS,2023,4,172,163902,166802,330704,18602,16245,34847,182504,183047,365551
CAIRNS,CNS,2023,5,173,158107,158050,316157,16952,18037,34989,175059,176087,351146
CAIRNS,CNS,2023,6,174,177738,166490,344228,18226,18794,37020,195964,185284,381248
CAIRNS,CNS,2023,7,175,195021,204360,399381,28855,20136,48991,223876,224496,448372
CAIRNS,CNS,2023,8,176,188325,193286,381611,27315,27939,55254,215640,221225,436865
CAIRNS,CNS,2023,9,177,191936,186040,377976,25026,28228,53254,216962,214268,431230
CAIRNS,CNS,2023,10,178,184789,195082,379871,27532,24665,52197,212321,219747,432068
CAIRNS,CNS,2023,11,179,162243,165589,327832,24233,25047,49280,186476,190636,377112
CAIRNS,CNS,2023,12,180,145746,139468,285214,23460,26852,50312,169206,166320,335526
CAIRNS,CNS,2024,1,181,150684,160317,311001,29351,26377,55728,180035,186694,366729
CAIRNS,CNS,2024,2,182,133177,137650,270827,25916,22413,48329,159093,160063,319156
CAIRNS,CNS,2024,3,183,153296,147367,300663,24446,26343,50789,177742,173710,351452
CAIRNS,CNS,2024,4,184,165086,171624,336710,23397,22580,45977,188483,194204,382687
CAIRNS,CNS,2024,5,185,160997,159965,320962,20443,23586,44029,181440,183551,364991
CAIRNS,CNS,2024,6,186,176673,167064,343737,22641,22635,45276,199314,189699,389013
CAIRNS,CNS,2024,7,187,201172,205630,406802,27423,21350,48773,228595,226980,455575
CAIRNS,CNS,2024,8,188,188138,192151,380289,27481,30285,57766,215619,222436,438055
CAIRNS,CNS,2024,9,189,188611,183120,371731,27762,29529,57291,216373,212649,429022
CAIRNS,CNS,2024,10,190,184965,194744,379709,30318,27470,57788,215283,222214,437497
CAIRNS,CNS,2024,11,191,157626,161553,319179,25281,27624,52905,182907,189177,372084
CAIRNS,CNS,2024,12,192,168072,160494,328566,29355,31908,61263,197427,192402,389829
CAIRNS,CNS,2025,1,193,163541,174575,338116,35472,30729,66201,199013,205304,404317
CAIRNS,CNS,2025,2,194,119585,125616,245201,28424,24675,53099,148009,150291,298300
CAIRNS,CNS,2025,3,195,141108,138369,279477,24957,26231,51188,166065,164600,330665
CAIRNS,CNS,2025,4,196,171491,169709,341200,26035,28149,54184,197526,197858,395384
CAIRNS,CNS,2025,5,197,157384,157130,314514,25189,26296,51485,182573,183426,365999
CAIRNS,CNS,2025,6,198,173218,164521,337739,26128,26882,53010,199346,191403,390749
CANBERRA,CBR,2009,1,1,108207,101081,209288,0,0,0,108207,101081,209288
CANBERRA,CBR,2009,2,2,116663,113554,230217,0,0,0,116663,113554,230217
CANBERRA,CBR,2009,3,3,140251,140587,280838,0,0,0,140251,140587,280838
CANBERRA,CBR,2009,4,4,131170,133295,264465,0,0,0,131170,133295,264465
CANBERRA,CBR,2009,5,5,133275,133030,266305,0,0,0,133275,133030,266305
CANBERRA,CBR,2009,6,6,129877,128886,258763,0,0,0,129877,128886,258763
CANBERRA,CBR,2009,7,7,135477,134669,270146,0,0,0,135477,134669,270146
CANBERRA,CBR,2009,8,8,140898,139037,279935,0,0,0,140898,139037,279935
CANBERRA,CBR,2009,9,9,138413,140091,278504,0,0,0,138413,140091,278504
CANBERRA,CBR,2009,10,10,139171,136886,276057,0,0,0,139171,136886,276057
CANBERRA,CBR,2009,11,11,140350,136400,276750,0,0,0,140350,136400,276750
CANBERRA,CBR,2009,12,12,124879,132273,257152,0,0,0,124879,132273,257152
CANBERRA,CBR,2010,1,13,115316,108511,223827,0,0,0,115316,108511,223827
CANBERRA,CBR,2010,2,14,127933,125520,253453,0,0,0,127933,125520,253453
CANBERRA,CBR,2010,3,15,159259,158643,317902,0,0,0,159259,158643,317902
CANBERRA,CBR,2010,4,16,137603,139037,276640,0,0,0,137603,139037,276640
CANBERRA,CBR,2010,5,17,135630,135664,271294,0,0,0,135630,135664,271294
CANBERRA,CBR,2010,6,18,138443,138293,276736,0,0,0,138443,138293,276736
CANBERRA,CBR,2010,7,19,140048,140533,280581,0,0,0,140048,140533,280581
CANBERRA,CBR,2010,8,20,138899,135985,274884,0,0,0,138899,135985,274884
CANBERRA,CBR,2010,9,21,137827,142801,280628,0,0,0,137827,142801,280628
CANBERRA,CBR,2010,10,22,150238,143708,293946,0,0,0,150238,143708,293946
CANBERRA,CBR,2010,11,23,146185,144206,290391,0,0,0,146185,144206,290391
CANBERRA,CBR,2010,12,24,127064,136664,263728,0,0,0,127064,136664,263728
CANBERRA,CBR,2011,1,25,112590,103009,215599,0,0,0,112590,103009,215599
CANBERRA,CBR,2011,2,26,123300,118760,242060,0,0,0,123300,118760,242060
CANBERRA,CBR,2011,3,27,147553,148135,295688,0,0,0,147553,148135,295688
CANBERRA,CBR,2011,4,28,133303,136882,270185,0,0,0,133303,136882,270185
CANBERRA,CBR,2011,5,29,139177,136996,276173,0,0,0,139177,136996,276173
CANBERRA,CBR,2011,6,30,127137,129848,256985,0,0,0,127137,129848,256985
CANBERRA,CBR,2011,7,31,141140,139594,280734,0,0,0,141140,139594,280734
CANBERRA,CBR,2011,8,32,143160,139888,283048,0,0,0,143160,139888,283048
CANBERRA,CBR,2011,9,33,141455,142946,284401,0,0,0,141455,142946,284401
CANBERRA,CBR,2011,10,34,138124,134276,272400,0,0,0,138124,134276,272400
CANBERRA,CBR,2011,11,35,140335,138342,278677,0,0,0,140335,138342,278677
CANBERRA,CBR,2011,12,36,121309,130966,252275,0,0,0,121309,130966,252275
CANBERRA,CBR,2012,1,37,109033,99199,208232,0,0,0,109033,99199,208232
CANBERRA,CBR,2012,2,38,121419,116842,238261,0,0,0,121419,116842,238261
CANBERRA,CBR,2012,3,39,141394,144121,285515,0,0,0,141394,144121,285515
CANBERRA,CBR,2012,4,40,126610,127383,253993,0,0,0,126610,127383,253993
CANBERRA,CBR,2012,5,41,133853,135314,269167,0,0,0,133853,135314,269167
CANBERRA,CBR,2012,6,42,125070,126912,251982,0,0,0,125070,126912,251982
CANBERRA,CBR,2012,7,43,131577,128069,259646,0,0,0,131577,128069,259646
CANBERRA,CBR,2012,8,44,131733,133657,265390,0,0,0,131733,133657,265390
CANBERRA,CBR,2012,9,45,128890,130406,259296,0,0,0,128890,130406,259296
CANBERRA,CBR,2012,10,46,138679,130767,269446,0,0,0,138679,130767,269446
CANBERRA,CBR,2012,11,47,135284,135565,270849,0,0,0,135284,135565,270849
CANBERRA,CBR,2012,12,48,113399,120717,234116,0,0,0,113399,120717,234116
CANBERRA,CBR,2013,1,49,103477,94142,197619,0,0,0,103477,94142,197619
CANBERRA,CBR,2013,2,50,113732,110963,224695,0,0,0,113732,110963,224695
CANBERRA,CBR,2013,3,51,134918,136345,271263,0,0,0,134918,136345,271263
CANBERRA,CBR,2013,4,52,124558,124378,248936,0,0,0,124558,124378,248936
CANBERRA,CBR,2013,5,53,129017,131160,260177,0,0,0,129017,131160,260177
CANBERRA,CBR,2013,6,54,126482,126045,252527,0,0,0,126482,126045,252527
CANBERRA,CBR,2013,7,55,128750,126930,255680,0,0,0,128750,126930,255680
CANBERRA,CBR,2013,8,56,126778,127395,254173,0,0,0,126778,127395,254173
CANBERRA,CBR,2013,9,57,120563,122006,242569,0,0,0,120563,122006,242569
CANBERRA,CBR,2013,10,58,134709,128025,262734,0,0,0,134709,128025,262734
CANBERRA,CBR,2013,11,59,127922,128151,256073,0,0,0,127922,128151,256073
CANBERRA,CBR,2013,12,60,112159,117843,230002,0,0,0,112159,117843,230002
CANBERRA,CBR,2014,1,61,97433,90215,187648,0,0,0,97433,90215,187648
CANBERRA,CBR,2014,2,62,106417,102807,209224,0,0,0,106417,102807,209224
CANBERRA,CBR,2014,3,63,124681,125533,250214,0,0,0,124681,125533,250214
CANBERRA,CBR,2014,4,64,114029,115205,229234,0,0,0,114029,115205,229234
CANBERRA,CBR,2014,5,65,120764,123275,244039,0,0,0,120764,123275,244039
CANBERRA,CBR,2014,6,66,118607,117421,236028,0,0,0,118607,117421,236028
CANBERRA,CBR,2014,7,67,122917,121468,244385,0,0,0,122917,121468,244385
CANBERRA,CBR,2014,8,68,120988,120574,241562,0,0,0,120988,120574,241562
CANBERRA,CBR,2014,9,69,121363,121743,243106,0,0,0,121363,121743,243106
CANBERRA,CBR,2014,10,70,131857,128821,260678,0,0,0,131857,128821,260678
CANBERRA,CBR,2014,11,71,122435,120113,242548,0,0,0,122435,120113,242548
CANBERRA,CBR,2014,12,72,108108,115048,223156,0,0,0,108108,115048,223156
CANBERRA,CBR,2015,1,73,94689,86462,181151,0,0,0,94689,86462,181151
CANBERRA,CBR,2015,2,74,104237,100964,205201,0,0,0,104237,100964,205201
CANBERRA,CBR,2015,3,75,126132,125655,251787,0,0,0,126132,125655,251787
CANBERRA,CBR,2015,4,76,114563,117067,231630,0,0,0,114563,117067,231630
CANBERRA,CBR,2015,5,77,120603,121584,242187,0,0,0,120603,121584,242187
CANBERRA,CBR,2015,6,78,118741,118659,237400,0,0,0,118741,118659,237400
CANBERRA,CBR,2015,7,79,123396,123872,247268,0,0,0,123396,123872,247268
CANBERRA,CBR,2015,8,80,121935,119718,241653,0,0,0,121935,119718,241653
CANBERRA,CBR,2015,9,81,121215,122296,243511,0,0,0,121215,122296,243511
CANBERRA,CBR,2015,10,82,126705,122960,249665,0,0,0,126705,122960,249665
CANBERRA,CBR,2015,11,83,127260,123247,250507,0,0,0,127260,123247,250507
CANBERRA,CBR,2015,12,84,107340,116006,223346,0,0,0,107340,116006,223346
CANBERRA,CBR,2016,1,85,95222,85827,181049,0,0,0,95222,85827,181049
CANBERRA,CBR,2016,2,86,113441,110029,223470,0,0,0,113441,110029,223470
CANBERRA,CBR,2016,3,87,125542,126699,252241,0,0,0,125542,126699,252241
CANBERRA,CBR,2016,4,88,118371,122047,240418,0,0,0,118371,122047,240418
CANBERRA,CBR,2016,5,89,121205,120895,242100,0,0,0,121205,120895,242100
CANBERRA,CBR,2016,6,90,116467,119291,235758,0,0,0,116467,119291,235758
CANBERRA,CBR,2016,7,91,124246,122447,246693,0,0,0,124246,122447,246693
CANBERRA,CBR,2016,8,92,126885,123817,250702,0,0,0,126885,123817,250702
CANBERRA,CBR,2016,9,93,123755,129234,252989,1421,1784,3205,125176,131018,256194
CANBERRA,CBR,2016,10,94,131890,124676,256566,3821,3174,6995,135711,127850,263561
CANBERRA,CBR,2016,11,95,134343,131391,265734,3393,3274,6667,137736,134665,272401
CANBERRA,CBR,2016,12,96,113363,124710,238073,2743,4161,6904,116106,128871,244977
CANBERRA,CBR,2017,1,97,101509,90217,191726,4665,3403,8068,106174,93620,199794
CANBERRA,CBR,2017,2,98,114565,110886,225451,3255,2652,5907,117820,113538,231358
CANBERRA,CBR,2017,3,99,135406,138246,273652,3369,3140,6509,138775,141386,280161
CANBERRA,CBR,2017,4,100,118282,119097,237379,3961,3427,7388,122243,122524,244767
CANBERRA,CBR,2017,5,101,128920,129619,258539,2794,2737,5531,131714,132356,264070
CANBERRA,CBR,2017,6,102,123485,128500,251985,3031,3727,6758,126516,132227,258743
CANBERRA,CBR,2017,7,103,131376,127611,258987,3918,2969,6887,135294,130580,265874
CANBERRA,CBR,2017,8,104,131056,131328,262384,3477,3076,6553,134533,134404,268937
CANBERRA,CBR,2017,9,105,131749,135681,267430,3582,3692,7274,135331,139373,274704
CANBERRA,CBR,2017,10,106,139380,132630,272010,4306,3250,7556,143686,135880,279566
CANBERRA,CBR,2017,11,107,138446,137892,276338,3759,3404,7163,142205,141296,283501
CANBERRA,CBR,2017,12,108,117225,128234,245459,3747,5094,8841,120972,133328,254300
CANBERRA,CBR,2018,1,109,104856,94239,199095,5278,3714,8992,110134,97953,208087
CANBERRA,CBR,2018,2,110,119614,114799,234413,3841,3174,7015,123455,117973,241428
CANBERRA,CBR,2018,3,111,138912,143798,282710,3975,3737,7712,142887,147535,290422
CANBERRA,CBR,2018,4,112,128524,128730,257254,4859,4717,9576,133383,133447,266830
CANBERRA,CBR,2018,5,113,135746,136978,272724,2930,4225,7155,138676,141203,279879
CANBERRA,CBR,2018,6,114,127237,129749,256986,3422,4773,8195,130659,134522,265181
CANBERRA,CBR,2018,7,115,141914,138351,280265,4197,4585,8782,146111,142936,289047
CANBERRA,CBR,2018,8,116,140734,141717,282451,3593,4245,7838,144327,145962,290289
CANBERRA,CBR,2018,9,117,134735,135431,270166,3749,4719,8468,138484,140150,278634
CANBERRA,CBR,2018,10,118,149456,142604,292060,3923,3360,7283,153379,145964,299343
CANBERRA,CBR,2018,11,119,142780,143912,286692,3035,3992,7027,145815,147904,293719
CANBERRA,CBR,2018,12,120,115000,123327,238327,2230,4649,6879,117230,127976,245206
CANBERRA,CBR,2019,1,121,106793,94755,201548,3290,3445,6735,110083,98200,208283
CANBERRA,CBR,2019,2,122,120670,118342,239012,2839,2678,5517,123509,121020,244529
CANBERRA,CBR,2019,3,123,135197,135475,270672,2592,3492,6084,137789,138967,276756
CANBERRA,CBR,2019,4,124,127461,127899,255360,2811,4239,7050,130272,132138,262410
CANBERRA,CBR,2019,5,125,130101,132847,262948,2984,4365,7349,133085,137212,270297
CANBERRA,CBR,2019,6,126,125376,126024,251400,3333,4545,7878,128709,130569,259278
CANBERRA,CBR,2019,7,127,140844,137122,277966,4168,4227,8395,145012,141349,286361
CANBERRA,CBR,2019,8,128,138130,139859,277989,3174,4067,7241,141304,143926,285230
CANBERRA,CBR,2019,9,129,140824,139184,280008,3471,4559,8030,144295,143743,288038
CANBERRA,CBR,2019,10,130,150608,147522,298130,3777,3557,7334,154385,151079,305464
CANBERRA,CBR,2019,11,131,143066,144165,287231,2813,3718,6531,145879,147883,293762
CANBERRA,CBR,2019,12,132,120748,130031,250779,2478,4447,6925,123226,134478,257704
CANBERRA,CBR,2020,1,133,107782,97761,205543,2617,3087,5704,110399,100848,211247
CANBERRA,CBR,2020,2,134,121940,117645,239585,2265,2279,4544,124205,119924,244129
CANBERRA,CBR,2020,3,135,77060,74706,151766,1471,1174,2645,78531,75880,154411
CANBERRA,CBR,2020,4,136,2044,2334,4378,0,0,0,2044,2334,4378
CANBERRA,CBR,2020,5,137,2891,2827,5718,0,0,0,2891,2827,5718
CANBERRA,CBR,2020,6,138,6861,6484,13345,0,0,0,6861,6484,13345
CANBERRA,CBR,2020,7,139,10723,11907,22630,0,0,0,10723,11907,22630
CANBERRA,CBR,2020,8,140,7072,6437,13509,0,0,0,7072,6437,13509
CANBERRA,CBR,2020,9,141,6167,7122,13289,0,0,0,6167,7122,13289
CANBERRA,CBR,2020,10,142,22103,23072,45175,0,0,0,22103,23072,45175
CANBERRA,CBR,2020,11,143,34173,34250,68423,118,0,118,34291,34250,68541
CANBERRA,CBR,2020,12,144,51306,61312,112618,0,0,0,51306,61312,112618
CANBERRA,CBR,2021,1,145,52681,44013,96694,0,0,0,52681,44013,96694
CANBERRA,CBR,2021,2,146,46159,46671,92830,0,0,0,46159,46671,92830
CANBERRA,CBR,2021,3,147,65604,66221,131825,137,0,137,65741,66221,131962
CANBERRA,CBR,2021,4,148,73731,73864,147595,0,0,0,73731,73864,147595
CANBERRA,CBR,2021,5,149,81032,82567,163599,0,0,0,81032,82567,163599
CANBERRA,CBR,2021,6,150,67280,69125,136405,0,0,0,67280,69125,136405
CANBERRA,CBR,2021,7,151,35607,33190,68797,0,0,0,35607,33190,68797
CANBERRA,CBR,2021,8,152,7057,5713,12770,0,0,0,7057,5713,12770
CANBERRA,CBR,2021,9,153,1854,1642,3496,0,0,0,1854,1642,3496
CANBERRA,CBR,2021,10,154,2074,2484,4558,0,0,0,2074,2484,4558
CANBERRA,CBR,2021,11,155,24218,23996,48214,0,0,0,24218,23996,48214
CANBERRA,CBR,2021,12,156,53095,64004,117099,0,0,0,53095,64004,117099
CANBERRA,CBR,2022,1,157,54401,45340,99741,0,0,0,54401,45340,99741
CANBERRA,CBR,2022,2,158,56774,56165,112939,0,0,0,56774,56165,112939
CANBERRA,CBR,2022,3,159,88227,88613,176840,0,0,0,88227,88613,176840
CANBERRA,CBR,2022,4,160,104174,106801,210975,0,0,0,104174,106801,210975
CANBERRA,CBR,2022,5,161,105704,106083,211787,0,0,0,105704,106083,211787
CANBERRA,CBR,2022,6,162,108136,110827,218963,0,0,0,108136,110827,218963
CANBERRA,CBR,2022,7,163,121068,119187,240255,0,0,0,121068,119187,240255
CANBERRA,CBR,2022,8,164,111703,109761,221464,0,0,0,111703,109761,221464
CANBERRA,CBR,2022,9,165, 114 412, 119 407, 233 819,0,0,0,114412,119407,233819
CANBERRA,CBR,2022,10,166,125573,119439,245012,0,0,0,125573,119439,245012
CANBERRA,CBR,2022,11,167,123665,122061,245726,0,0,0,123665,122061,245726
CANBERRA,CBR,2022,12,168,103818,116268,220086,0,0,0,103818,116268,220086
CANBERRA,CBR,2023,1,169,98797,86077,184874,0,0,0,98797,86077,184874
CANBERRA,CBR,2023,2,170,100579,98249,198828,0,0,0,100579,98249,198828
CANBERRA,CBR,2023,3,171,120774,122673,243447,0,0,0,120774,122673,243447
CANBERRA,CBR,2023,4,172,110403,108661,219064,105,72,177,110508,108733,219241
CANBERRA,CBR,2023,5,173,115035,115972,231007,0,0,0,115035,115972,231007
CANBERRA,CBR,2023,6,174,111779,116283,228062,0,0,0,111779,116283,228062
CANBERRA,CBR,2023,7,175,121023,116196,237219,318,203,521,121341,116399,237740
CANBERRA,CBR,2023,8,176,119065,120265,239330,802,874,1676,119867,121139,241006
CANBERRA,CBR,2023,9,177,119580,122742,242322,940,1059,1999,120520,123801,244321
CANBERRA,CBR,2023,10,178,127977,120158,248135,1234,1379,2613,129211,121537,250748
CANBERRA,CBR,2023,11,179,129008,129404,258412,983,1183,2166,129991,130587,260578
CANBERRA,CBR,2023,12,180,107915,118735,226650,1568,1360,2928,109483,120095,229578
CANBERRA,CBR,2024,1,181,99608,88844,188452,1235,1767,3002,100843,90611,191454
CANBERRA,CBR,2024,2,182,111444,108941,220385,544,707,1251,111988,109648,221636
CANBERRA,CBR,2024,3,183,121366,123362,244728,1001,927,1928,122367,124289,246656
CANBERRA,CBR,2024,4,184,113579,114353,227932,1140,1177,2317,114719,115530,230249
CANBERRA,CBR,2024,5,185,116763,119036,235799,1048,1085,2133,117811,120121,237932
CANBERRA,CBR,2024,6,186,112740,112096,224836,1750,1911,3661,114490,114007,228497
CANBERRA,CBR,2024,7,187,117143,116911,234054,2857,2623,5480,120000,119534,239534
CANBERRA,CBR,2024,8,188,120034,121472,241506,1950,2057,4007,121984,123529,245513
CANBERRA,CBR,2024,9,189,120587,121662,242249,1776,1939,3715,122363,123601,245964
CANBERRA,CBR,2024,10,190,127043,123300,250343,1928,1845,3773,128971,125145,254116
CANBERRA,CBR,2024,11,191,130290,129943,260233,1092,1123,2215,131382,131066,262448
CANBERRA,CBR,2024,12,192,108371,116941,225312,1800,2008,3808,110171,118949,229120
CANBERRA,CBR,2025,1,193,100585,91569,192154,1448,2005,3453,102033,93574,195607
CANBERRA,CBR,2025,2,194,106456,104400,210856,816,860,1676,107272,105260,212532
CANBERRA,CBR,2025,3,195,116018,116611,232629,1030,1090,2120,117048,117701,234749
CANBERRA,CBR,2025,4,196,110614,110846,221460,1405,1337,2742,112019,112183,224202
CANBERRA,CBR,2025,5,197,112953,117067,230020,1337,1280,2617,114290,118347,232637
CANBERRA,CBR,2025,6,198,112788,111166,223954,1462,1303,2765,114250,112469,226719
DARWIN,DRW,2009,1,1,48063,43362,91425,10356,6373,16729,58419,49735,108154
DARWIN,DRW,2009,2,2,36513,38153,74666,6589,4231,10820,43102,42384,85486
DARWIN,DRW,2009,3,3,44423,43605,88028,5113,5276,10389,49536,48881,98417
DARWIN,DRW,2009,4,4,54008,53083,107091,7744,7085,14829,61752,60168,121920
DARWIN,DRW,2009,5,5,59998,58394,118392,8422,8485,16907,68420,66879,135299
DARWIN,DRW,2009,6,6,66180,65174,131354,8809,9617,18426,74989,74791,149780
DARWIN,DRW,2009,7,7,72086,73153,145239,11331,8167,19498,83417,81320,164737
DARWIN,DRW,2009,8,8,65829,68777,134606,9252,9866,19118,75081,78643,153724
DARWIN,DRW,2009,9,9,62026,62687,124713,9437,8716,18153,71463,71403,142866
DARWIN,DRW,2009,10,10,55456,61195,116651,9885,7547,17432,65341,68742,134083
DARWIN,DRW,2009,11,11,48126,49180,97306,8305,7371,15676,56431,56551,112982
DARWIN,DRW,2009,12,12,47587,50893,98480,6700,11065,17765,54287,61958,116245
DARWIN,DRW,2010,1,13,49033,45706,94739,12438,7021,19459,61471,52727,114198
DARWIN,DRW,2010,2,14,40680,42137,82817,7671,5946,13617,48351,48083,96434
DARWIN,DRW,2010,3,15,52040,51606,103646,7223,6848,14071,59263,58454,117717
DARWIN,DRW,2010,4,16,56009,54454,110463,8722,8067,16789,64731,62521,127252
DARWIN,DRW,2010,5,17,59942,58547,118489,8980,8182,17162,68922,66729,135651
DARWIN,DRW,2010,6,18,68101,64828,132929,9032,10053,19085,77133,74881,152014
DARWIN,DRW,2010,7,19,77612,78928,156540,12432,10236,22668,90044,89164,179208
DARWIN,DRW,2010,8,20,71205,73913,145118,9930,10517,20447,81135,84430,165565
DARWIN,DRW,2010,9,21,68599,69156,137755,10104,9608,19712,78703,78764,157467
DARWIN,DRW,2010,10,22,61561,66232,127793,10326,7948,18274,71887,74180,146067
DARWIN,DRW,2010,11,23,51484,52956,104440,8202,7770,15972,59686,60726,120412
DARWIN,DRW,2010,12,24,51494,58703,110197,7376,12373,19749,58870,71076,129946
DARWIN,DRW,2011,1,25,55293,48768,104061,15893,9594,25487,71186,58362,129548
DARWIN,DRW,2011,2,26,38684,40291,78975,9685,8793,18478,48369,49084,97453
DARWIN,DRW,2011,3,27,50909,51066,101975,10698,9766,20464,61607,60832,122439
DARWIN,DRW,2011,4,28,59134,57886,117020,11843,11649,23492,70977,69535,140512
DARWIN,DRW,2011,5,29,61808,59126,120934,12126,10980,23106,73934,70106,144040
DARWIN,DRW,2011,6,30,66655,63831,130486,11490,12875,24365,78145,76706,154851
DARWIN,DRW,2011,7,31,94294,94188,188482,17228,16951,34179,111522,111139,222661
DARWIN,DRW,2011,8,32,82073,86379,168452,14244,16475,30719,96317,102854,199171
DARWIN,DRW,2011,9,33,76464,75476,151940,14384,16426,30810,90848,91902,182750
DARWIN,DRW,2011,10,34,74984,77772,152756,16324,16065,32389,91308,93837,185145
DARWIN,DRW,2011,11,35,66991,67348,134339,14519,16635,31154,81510,83983,165493
DARWIN,DRW,2011,12,36,63483,71878,135361,12214,20078,32292,75697,91956,167653
DARWIN,DRW,2012,1,37,68388,60334,128722,19497,14371,33868,87885,74705,162590
DARWIN,DRW,2012,2,38,53813,55491,109304,13713,12071,25784,67526,67562,135088
DARWIN,DRW,2012,3,39,63537,62277,125814,12657,13290,25947,76194,75567,151761
DARWIN,DRW,2012,4,40,67753,65371,133124,13086,14062,27148,80839,79433,160272
DARWIN,DRW,2012,5,41,68975,67402,136377,12099,12321,24420,81074,79723,160797
DARWIN,DRW,2012,6,42,78831,73034,151865,12603,15897,28500,91434,88931,180365
DARWIN,DRW,2012,7,43,86207,88760,174967,17574,15555,33129,103781,104315,208096
DARWIN,DRW,2012,8,44,77942,81287,159229,13355,14200,27555,91297,95487,186784
DARWIN,DRW,2012,9,45,71178,72489,143667,12534,12692,25226,83712,85181,168893
DARWIN,DRW,2012,10,46,64444,70909,135353,14405,12751,27156,78849,83660,162509
DARWIN,DRW,2012,11,47,59865,63198,123063,11167,12510,23677,71032,75708,146740
DARWIN,DRW,2012,12,48,55534,66863,122397,9045,17259,26304,64579,84122,148701
DARWIN,DRW,2013,1,49,62540,57093,119633,15897,12096,27993,78437,69189,147626
DARWIN,DRW,2013,2,50,46455,51578,98033,11276,10209,21485,57731,61787,119518
DARWIN,DRW,2013,3,51,64627,62391,127018,11665,12739,24404,76292,75130,151422
DARWIN,DRW,2013,4,52,70025,67143,137168,13150,13090,26240,83175,80233,163408
DARWIN,DRW,2013,5,53,69754,66386,136140,11902,12238,24140,81656,78624,160280
DARWIN,DRW,2013,6,54,77660,74169,151829,11490,14233,25723,89150,88402,177552
DARWIN,DRW,2013,7,55,85730,91046,176776,17711,15892,33603,103441,106938,210379
DARWIN,DRW,2013,8,56,78518,86863,165381,14709,16044,30753,93227,102907,196134
DARWIN,DRW,2013,9,57,77078,76640,153718,15175,14947,30122,92253,91587,183840
DARWIN,DRW,2013,10,58,76345,84183,160528,16029,14077,30106,92374,98260,190634
DARWIN,DRW,2013,11,59,62843,66689,129532,12889,13846,26735,75732,80535,156267
DARWIN,DRW,2013,12,60,62425,72740,135165,10761,21152,31913,73186,93892,167078
DARWIN,DRW,2014,1,61,68673,59642,128315,20907,13760,34667,89580,73402,162982
DARWIN,DRW,2014,2,62,51884,54504,106388,12288,10867,23155,64172,65371,129543
DARWIN,DRW,2014,3,63,62953,62152,125105,12264,11944,24208,75217,74096,149313
DARWIN,DRW,2014,4,64,74805,72966,147771,10904,11950,22854,85709,84916,170625
DARWIN,DRW,2014,5,65,74481,73042,147523,11129,12017,23146,85610,85059,170669
DARWIN,DRW,2014,6,66,90436,84191,174627,12073,15491,27564,102509,99682,202191
DARWIN,DRW,2014,7,67,94921,97274,192195,16732,14403,31135,111653,111677,223330
DARWIN,DRW,2014,8,68,87423,91411,178834,14429,15917,30346,101852,107328,209180
DARWIN,DRW,2014,9,69,79779,81259,161038,13861,13879,27740,93640,95138,188778
DARWIN,DRW,2014,10,70,78438,83022,161460,14688,12566,27254,93126,95588,188714
DARWIN,DRW,2014,11,71,66034,68759,134793,10563,11258,21821,76597,80017,156614
DARWIN,DRW,2014,12,72,62920,77493,140413,8816,15964,24780,71736,93457,165193
DARWIN,DRW,2015,1,73,69503,57368,126871,15839,9890,25729,85342,67258,152600
DARWIN,DRW,2015,2,74,52098,53095,105193,10012,8779,18791,62110,61874,123984
DARWIN,DRW,2015,3,75,65149,63427,128576,9928,10166,20094,75077,73593,148670
DARWIN,DRW,2015,4,76,74927,71880,146807,10371,9647,20018,85298,81527,166825
DARWIN,DRW,2015,5,77,76197,73855,150052,10489,10953,21442,86686,84808,171494
DARWIN,DRW,2015,6,78,88982,83047,172029,10295,12773,23068,99277,95820,195097
DARWIN,DRW,2015,7,79,97542,100915,198457,14992,12248,27240,112534,113163,225697
DARWIN,DRW,2015,8,80,85948,91755,177703,11491,12008,23499,97439,103763,201202
DARWIN,DRW,2015,9,81,82773,82494,165267,10797,10482,21279,93570,92976,186546
DARWIN,DRW,2015,10,82,75128,81496,156624,11222,9569,20791,86350,91065,177415
DARWIN,DRW,2015,11,83,67178,68458,135636,9269,9372,18641,76447,77830,154277
DARWIN,DRW,2015,12,84,60543,75501,136044,8199,13996,22195,68742,89497,158239
DARWIN,DRW,2016,1,85,69963,56451,126414,14691,10021,24712,84654,66472,151126
DARWIN,DRW,2016,2,86,53598,54994,108592,9106,7612,16718,62704,62606,125310
DARWIN,DRW,2016,3,87,66369,66209,132578,8824,9100,17924,75193,75309,150502
DARWIN,DRW,2016,4,88,73084,71795,144879,9808,10021,19829,82892,81816,164708
DARWIN,DRW,2016,5,89,77991,74579,152570,10481,11275,21756,88472,85854,174326
DARWIN,DRW,2016,6,90,90624,84174,174798,10734,13149,23883,101358,97323,198681
DARWIN,DRW,2016,7,91,97118,98221,195339,15791,13694,29485,112909,111915,224824
DARWIN,DRW,2016,8,92,86449,93385,179834,12553,12772,25325,99002,106157,205159
DARWIN,DRW,2016,9,93,82167,83178,165345,11777,12080,23857,93944,95258,189202
DARWIN,DRW,2016,10,94,81098,85102,166200,12234,11149,23383,93332,96251,189583
DARWIN,DRW,2016,11,95,69322,70127,139449,9560,9637,19197,78882,79764,158646
DARWIN,DRW,2016,12,96,63916,77790,141706,8924,17076,26000,72840,94866,167706
DARWIN,DRW,2017,1,97,73163,61620,134783,17466,11510,28976,90629,73130,163759
DARWIN,DRW,2017,2,98,53766,54788,108554,10799,7972,18771,64565,62760,127325
DARWIN,DRW,2017,3,99,67319,65572,132891,9524,9890,19414,76843,75462,152305
DARWIN,DRW,2017,4,100,73820,73730,147550,11407,11660,23067,85227,85390,170617
DARWIN,DRW,2017,5,101,77086,72354,149440,10377,10756,21133,87463,83110,170573
DARWIN,DRW,2017,6,102,89615,83613,173228,11386,14142,25528,101001,97755,198756
DARWIN,DRW,2017,7,103,96791,99647,196438,14671,13244,27915,111462,112891,224353
DARWIN,DRW,2017,8,104,90820,93937,184757,11606,12589,24195,102426,106526,208952
DARWIN,DRW,2017,9,105,80377,81831,162208,11525,10651,22176,91902,92482,184384
DARWIN,DRW,2017,10,106,78841,82495,161336,11330,10565,21895,90171,93060,183231
DARWIN,DRW,2017,11,107,68432,70673,139105,9446,9662,19108,77878,80335,158213
DARWIN,DRW,2017,12,108,63841,75420,139261,8449,14230,22679,72290,89650,161940
DARWIN,DRW,2018,1,109,71306,60705,132011,15625,10304,25929,86931,71009,157940
DARWIN,DRW,2018,2,110,52433,53191,105624,8919,7364,16283,61352,60555,121907
DARWIN,DRW,2018,3,111,64602,65239,129841,7718,8106,15824,72320,73345,145665
DARWIN,DRW,2018,4,112,72393,70218,142611,9102,9005,18107,81495,79223,160718
DARWIN,DRW,2018,5,113,76202,74029,150231,7979,8184,16163,84181,82213,166394
DARWIN,DRW,2018,6,114,84518,80484,165002,9976,10931,20907,94494,91415,185909
DARWIN,DRW,2018,7,115,96710,100013,196723,10465,9930,20395,107175,109943,217118
DARWIN,DRW,2018,8,116,86310,91491,177801,10085,10455,20540,96395,101946,198341
DARWIN,DRW,2018,9,117,81111,82002,163113,9327,9011,18338,90438,91013,181451
DARWIN,DRW,2018,10,118,74963,80197,155160,9424,8537,17961,84387,88734,173121
DARWIN,DRW,2018,11,119,62541,64400,126941,8426,8618,17044,70967,73018,143985
DARWIN,DRW,2018,12,120,59703,70480,130183,7985,13115,21100,67688,83595,151283
DARWIN,DRW,2019,1,121,65415,56170,121585,13501,9880,23381,78916,66050,144966
DARWIN,DRW,2019,2,122,51741,52055,103796,9136,6754,15890,60877,58809,119686
DARWIN,DRW,2019,3,123,60587,59296,119883,7932,7402,15334,68519,66698,135217
DARWIN,DRW,2019,4,124,73370,70662,144032,10018,10067,20085,83388,80729,164117
DARWIN,DRW,2019,5,125,73588,71246,144834,10481,11013,21494,84069,82259,166328
DARWIN,DRW,2019,6,126,83691,79376,163067,10830,12907,23737,94521,92283,186804
DARWIN,DRW,2019,7,127,93885,97733,191618,14178,11800,25978,108063,109533,217596
DARWIN,DRW,2019,8,128,85090,90369,175459,12323,12564,24887,97413,102933,200346
DARWIN,DRW,2019,9,129,77127,78844,155971,11655,11409,23064,88782,90253,179035
DARWIN,DRW,2019,10,130,74434,79762,154196,11996,9762,21758,86430,89524,175954
DARWIN,DRW,2019,11,131,60776,63808,124584,9006,9238,18244,69782,73046,142828
DARWIN,DRW,2019,12,132,60593,67842,128435,7543,14635,22178,68136,82477,150613
DARWIN,DRW,2020,1,133,64657,56560,121217,15026,10712,25738,79683,67272,146955
DARWIN,DRW,2020,2,134,48141,50081,98222,8685,5674,14359,56826,55755,112581
DARWIN,DRW,2020,3,135,41355,39999,81354,4342,2910,7252,45697,42909,88606
DARWIN,DRW,2020,4,136,3401,3309,6710,0,0,0,3401,3309,6710
DARWIN,DRW,2020,5,137,3014,2736,5750,0,0,0,3014,2736,5750
DARWIN,DRW,2020,6,138,6728,6568,13296,0,0,0,6728,6568,13296
DARWIN,DRW,2020,7,139,14237,12332,26569,0,0,0,14237,12332,26569
DARWIN,DRW,2020,8,140,19355,19061,38416,0,0,0,19355,19061,38416
DARWIN,DRW,2020,9,141,25754,24295,50049,0,0,0,25754,24295,50049
DARWIN,DRW,2020,10,142,31623,33532,65155,0,0,0,31623,33532,65155
DARWIN,DRW,2020,11,143,31186,33267,64453,63,4,67,31249,33271,64520
DARWIN,DRW,2020,12,144,38497,45294,83791,8,0,8,38505,45294,83799
DARWIN,DRW,2021,1,145,40399,38445,78844,0,0,0,40399,38445,78844
DARWIN,DRW,2021,2,146,27246,29308,56554,0,0,0,27246,29308,56554
DARWIN,DRW,2021,3,147,41072,41479,82551,0,0,0,41072,41479,82551
DARWIN,DRW,2021,4,148,58960,57078,116038,0,0,0,58960,57078,116038
DARWIN,DRW,2021,5,149,64413,62995,127408,0,0,0,64413,62995,127408
DARWIN,DRW,2021,6,150,59264,60502,119766,0,0,0,59264,60502,119766
DARWIN,DRW,2021,7,151,45513,45924,91437,0,0,0,45513,45924,91437
DARWIN,DRW,2021,8,152,38962,45706,84668,0,0,0,38962,45706,84668
DARWIN,DRW,2021,9,153,47173,50023,97196,0,0,0,47173,50023,97196
DARWIN,DRW,2021,10,154,44302,51407,95709,0,0,0,44302,51407,95709
DARWIN,DRW,2021,11,155,27062,31216,58278,887,181,1068,27949,31397,59346
DARWIN,DRW,2021,12,156,27859,36036,63895,1003,679,1682,28862,36715,65577
DARWIN,DRW,2022,1,157,33550,27956,61506,1128,672,1800,34678,28628,63306
DARWIN,DRW,2022,2,158,25989,27998,53987,1800,858,2658,27789,28856,56645
DARWIN,DRW,2022,3,159,43814,44414,88228,2796,1979,4775,46610,46393,93003
DARWIN,DRW,2022,4,160,69585,67980,137565,4633,4999,9632,74218,72979,147197
DARWIN,DRW,2022,5,161,74594,70583,145177,5768,6601,12369,80362,77184,157546
DARWIN,DRW,2022,6,162,87873,78844,166717,6072,7727,13799,93945,86571,180516
DARWIN,DRW,2022,7,163,93673,97593,191266,8642,7711,16353,102315,105304,207619
DARWIN,DRW,2022,8,164,77807,83209,161016,7483,6757,14240,85290,89966,175256
DARWIN,DRW,2022,9,165,76708,80271,156979,6289,6134,12423,82997,86405,169402
DARWIN,DRW,2022,10,166,71747,76723,148470,6707,5765,12472,78454,82488,160942
DARWIN,DRW,2022,11,167,57288,59696,116984,7064,6823,13887,64352,66519,130871
DARWIN,DRW,2022,12,168,52909,64556,117465,5409,7952,13361,58318,72508,130826
DARWIN,DRW,2023,1,169,57714,49886,107600,7777,6134,13911,65491,56020,121511
DARWIN,DRW,2023,2,170,43558,43549,87107,6650,5164,11814,50208,48713,98921
DARWIN,DRW,2023,3,171,57575,55273,112848,6237,5577,11814,63812,60850,124662
DARWIN,DRW,2023,4,172,67366,64435,131801,6319,6734,13053,73685,71169,144854
DARWIN,DRW,2023,5,173,72768,69623,142391,6474,6504,12978,79242,76127,155369
DARWIN,DRW,2023,6,174,82253,75790,158043,6842,7183,14025,89095,82973,172068
DARWIN,DRW,2023,7,175,87172,90824,177996,8697,8406,17103,95869,99230,195099
DARWIN,DRW,2023,8,176,80462,84572,165034,8403,8207,16610,88865,92779,181644
DARWIN,DRW,2023,9,177,74658,78849,153507,8317,7713,16030,82975,86562,169537
DARWIN,DRW,2023,10,178,69188,71688,140876,5792,4943,10735,74980,76631,151611
DARWIN,DRW,2023,11,179,53752,55591,109343,7317,7608,14925,61069,63199,124268
DARWIN,DRW,2023,12,180,52349,62568,114917,6170,8556,14726,58519,71124,129643
DARWIN,DRW,2024,1,181,58692,51559,110251,8647,6677,15324,67339,58236,125575
DARWIN,DRW,2024,2,182,47084,47414,94498,7541,6586,14127,54625,54000,108625
DARWIN,DRW,2024,3,183,55733,54290,110023,7612,7730,15342,63345,62020,125365
DARWIN,DRW,2024,4,184,65696,62112,127808,8507,8090,16597,74203,70202,144405
DARWIN,DRW,2024,5,185,69901,66644,136545,8842,8847,17689,78743,75491,154234
DARWIN,DRW,2024,6,186,78771,73736,152507,9222,9922,19144,87993,83658,171651
DARWIN,DRW,2024,7,187,88217,89452,177669,10073,9450,19523,98290,98902,197192
DARWIN,DRW,2024,8,188,79567,85037,164604,9476,9866,19342,89043,94903,183946
DARWIN,DRW,2024,9,189,73915,77477,151392,9871,9937,19808,83786,87414,171200
DARWIN,DRW,2024,10,190,68872,72105,140977,10125,9267,19392,78997,81372,160369
DARWIN,DRW,2024,11,191,58678,60967,119645,8689,8647,17336,67367,69614,136981
DARWIN,DRW,2024,12,192,55235,65415,120650,7328,10288,17616,62563,75703,138266
DARWIN,DRW,2025,1,193,59763,51999,111762,9862,8335,18197,69625,60334,129959
DARWIN,DRW,2025,2,194,46826,47121,93947,8538,7227,15765,55364,54348,109712
DARWIN,DRW,2025,3,195,56762,54078,110840,8542,7834,16376,65304,61912,127216
DARWIN,DRW,2025,4,196,69109,66056,135165,11429,12184,23613,80538,78240,158778
DARWIN,DRW,2025,5,197,73279,69730,143009,11170,11190,22360,84449,80920,165369
DARWIN,DRW,2025,6,198,82097,75946,158043,12034,13469,25503,94131,89415,183546
GOLD COAST,OOL,2009,1,1,195206,199577,394783,27096,24424,51520,222302,224001,446303
GOLD COAST,OOL,2009,2,2,154912,155895,310807,22327,20925,43252,177239,176820,354059
GOLD COAST,OOL,2009,3,3,176763,175727,352490,24079,23976,48055,200842,199703,400545
GOLD COAST,OOL,2009,4,4,176219,177224,353443,23212,22039,45251,199431,199263,398694
GOLD COAST,OOL,2009,5,5,165641,166003,331644,23809,25504,49313,189450,191507,380957
GOLD COAST,OOL,2009,6,6,156077,153760,309837,20573,21830,42403,176650,175590,352240
GOLD COAST,OOL,2009,7,7,182386,181734,364120,25121,23157,48278,207507,204891,412398
GOLD COAST,OOL,2009,8,8,179302,176975,356277,27415,29116,56531,206717,206091,412808
GOLD COAST,OOL,2009,9,9,188200,182860,371060,30521,31368,61889,218721,214228,432949
GOLD COAST,OOL,2009,10,10,193845,197470,391315,30399,31251,61650,224244,228721,452965
GOLD COAST,OOL,2009,11,11,178007,179600,357607,30037,32235,62272,208044,211835,419879
GOLD COAST,OOL,2009,12,12,179311,173742,353053,31049,34869,65918,210360,208611,418971
GOLD COAST,OOL,2010,1,13,194353,200699,395052,34977,33841,68818,229330,234540,463870
GOLD COAST,OOL,2010,2,14,181699,179840,361539,31244,31266,62510,212943,211106,424049
GOLD COAST,OOL,2010,3,15,198637,194526,393163,35150,36218,71368,233787,230744,464531
GOLD COAST,OOL,2010,4,16,193045,197697,390742,31212,29531,60743,224257,227228,451485
GOLD COAST,OOL,2010,5,17,181410,182011,363421,26191,28175,54366,207601,210186,417787
GOLD COAST,OOL,2010,6,18,181333,177531,358864,27027,28564,55591,208360,206095,414455
GOLD COAST,OOL,2010,7,19,208794,210106,418900,33974,29982,63956,242768,240088,482856
GOLD COAST,OOL,2010,8,20,193943,195166,389109,34085,37628,71713,228028,232794,460822
GOLD COAST,OOL,2010,9,21,211674,201192,412866,32551,35732,68283,244225,236924,481149
GOLD COAST,OOL,2010,10,22,207738,213135,420873,33635,33355,66990,241373,246490,487863
GOLD COAST,OOL,2010,11,23,200935,204002,404937,30669,35394,66063,231604,239396,471000
GOLD COAST,OOL,2010,12,24,214564,205921,420485,34186,42082,76268,248750,248003,496753
GOLD COAST,OOL,2011,1,25,232797,249492,482289,41804,37522,79326,274601,287014,561615
GOLD COAST,OOL,2011,2,26,168188,173197,341385,32924,31144,64068,201112,204341,405453
GOLD COAST,OOL,2011,3,27,185830,187395,373225,32255,30531,62786,218085,217926,436011
GOLD COAST,OOL,2011,4,28,192240,187386,379626,27558,26353,53911,219798,213739,433537
GOLD COAST,OOL,2011,5,29,170531,173866,344397,26231,27520,53751,196762,201386,398148
GOLD COAST,OOL,2011,6,30,164516,161764,326280,21118,23467,44585,185634,185231,370865
GOLD COAST,OOL,2011,7,31,197540,193552,391092,28041,25173,53214,225581,218725,444306
GOLD COAST,OOL,2011,8,32,180526,179493,360019,30677,31499,62176,211203,210992,422195
GOLD COAST,OOL,2011,9,33,194819,184970,379789,24972,28808,53780,219791,213778,433569
GOLD COAST,OOL,2011,10,34,201561,206303,407864,31390,28441,59831,232951,234744,467695
GOLD COAST,OOL,2011,11,35,192047,193521,385568,28281,30597,58878,220328,224118,444446
GOLD COAST,OOL,2011,12,36,211701,198065,409766,31054,38503,69557,242755,236568,479323
GOLD COAST,OOL,2012,1,37,218113,225797,443910,37778,34394,72172,255891,260191,516082
GOLD COAST,OOL,2012,2,38,176145,181526,357671,31505,29558,61063,207650,211084,418734
GOLD COAST,OOL,2012,3,39,198257,194928,393185,31081,32987,64068,229338,227915,457253
GOLD COAST,OOL,2012,4,40,193298,198991,392289,30159,28698,58857,223457,227689,451146
GOLD COAST,OOL,2012,5,41,169383,168416,337799,24579,24653,49232,193962,193069,387031
GOLD COAST,OOL,2012,6,42,173581,169033,342614,29426,32750,62176,203007,201783,404790
GOLD COAST,OOL,2012,7,43,203728,206186,409914,40614,34658,75272,244342,240844,485186
GOLD COAST,OOL,2012,8,44,193980,195043,389023,36010,37046,73056,229990,232089,462079
GOLD COAST,OOL,2012,9,45,227752,215788,443540,33105,38179,71284,260857,253967,514824
GOLD COAST,OOL,2012,10,46,226551,236294,462845,39394,36229,75623,265945,272523,538468
GOLD COAST,OOL,2012,11,47,213335,215989,429324,35806,36323,72129,249141,252312,501453
GOLD COAST,OOL,2012,12,48,230683,222088,452771,39944,49548,89492,270627,271636,542263
GOLD COAST,OOL,2013,1,49,227975,237676,465651,46240,41993,88233,274215,279669,553884
GOLD COAST,OOL,2013,2,50,176245,181560,357805,37372,33017,70389,213617,214577,428194
GOLD COAST,OOL,2013,3,51,201349,198297,399646,37409,39839,77248,238758,238136,476894
GOLD COAST,OOL,2013,4,52,202809,210613,413422,34455,31352,65807,237264,241965,479229
GOLD COAST,OOL,2013,5,53,170309,172736,343045,30224,30757,60981,200533,203493,404026
GOLD COAST,OOL,2013,6,54,178104,177383,355487,29774,33248,63022,207878,210631,418509
GOLD COAST,OOL,2013,7,55,211763,213706,425469,38532,32125,70657,250295,245831,496126
GOLD COAST,OOL,2013,8,56,197325,199710,397035,35168,36545,71713,232493,236255,468748
GOLD COAST,OOL,2013,9,57,220798,208414,429212,32323,36023,68346,253121,244437,497558
GOLD COAST,OOL,2013,10,58,229553,237503,467056,38248,34129,72377,267801,271632,539433
GOLD COAST,OOL,2013,11,59,197351,201785,399136,33713,34421,68134,231064,236206,467270
GOLD COAST,OOL,2013,12,60,229436,219869,449305,39707,48291,87998,269143,268160,537303
GOLD COAST,OOL,2014,1,61,233478,248687,482165,49373,43639,93012,282851,292326,575177
GOLD COAST,OOL,2014,2,62,175850,180341,356191,38138,35156,73294,213988,215497,429485
GOLD COAST,OOL,2014,3,63,196731,198767,395498,37933,37464,75397,234664,236231,470895
GOLD COAST,OOL,2014,4,64,199982,201778,401760,35779,32787,68566,235761,234565,470326
GOLD COAST,OOL,2014,5,65,176988,177180,354168,31216,29173,60389,208204,206353,414557
GOLD COAST,OOL,2014,6,66,176731,174501,351232,31391,34036,65427,208122,208537,416659
GOLD COAST,OOL,2014,7,67,213989,214951,428940,41936,35206,77142,255925,250157,506082
GOLD COAST,OOL,2014,8,68,199892,203361,403253,35563,37014,72577,235455,240375,475830
GOLD COAST,OOL,2014,9,69,219163,209110,428273,33293,35862,69155,252456,244972,497428
GOLD COAST,OOL,2014,10,70,235350,240190,475540,38397,34072,72469,273747,274262,548009
GOLD COAST,OOL,2014,11,71,205695,206609,412304,33719,35565,69284,239414,242174,481588
GOLD COAST,OOL,2014,12,72,233645,224884,458529,38278,45981,84259,271923,270865,542788
GOLD COAST,OOL,2015,1,73,228760,247455,476215,47430,40477,87907,276190,287932,564122
GOLD COAST,OOL,2015,2,74,176481,180128,356609,35098,32950,68048,211579,213078,424657
GOLD COAST,OOL,2015,3,75,201680,198263,399943,37413,35449,72862,239093,233712,472805
GOLD COAST,OOL,2015,4,76,204814,211335,416149,37202,34068,71270,242016,245403,487419
GOLD COAST,OOL,2015,5,77,182778,184034,366812,34086,31677,65763,216864,215711,432575
GOLD COAST,OOL,2015,6,78,186821,179078,365899,32051,36170,68221,218872,215248,434120
GOLD COAST,OOL,2015,7,79,223508,227796,451304,49303,40515,89818,272811,268311,541122
GOLD COAST,OOL,2015,8,80,205291,207141,412432,37253,37977,75230,242544,245118,487662
GOLD COAST,OOL,2015,9,81,233558,221191,454749,40579,42342,82921,274137,263533,537670
GOLD COAST,OOL,2015,10,82,236242,241794,478036,45123,40934,86057,281365,282728,564093
GOLD COAST,OOL,2015,11,83,212679,218157,430836,38050,40108,78158,250729,258265,508994
GOLD COAST,OOL,2015,12,84,242367,230040,472407,45218,51494,96712,287585,281534,569119
GOLD COAST,OOL,2016,1,85,247220,268967,516187,52344,43905,96249,299564,312872,612436
GOLD COAST,OOL,2016,2,86,197007,202951,399958,42775,36302,79077,239782,239253,479035
GOLD COAST,OOL,2016,3,87,219004,218426,437430,46336,44337,90673,265340,262763,528103
GOLD COAST,OOL,2016,4,88,213036,219439,432475,45883,39557,85440,258919,258996,517915
GOLD COAST,OOL,2016,5,89,190164,193810,383974,40725,37346,78071,230889,231156,462045
GOLD COAST,OOL,2016,6,90,195060,186355,381415,40144,43653,83797,235204,230008,465212
GOLD COAST,OOL,2016,7,91,232007,236570,468577,59466,47514,106980,291473,284084,575557
GOLD COAST,OOL,2016,8,92,210580,215272,425852,47794,48410,96204,258374,263682,522056
GOLD COAST,OOL,2016,9,93,236038,225191,461229,48322,48558,96880,284360,273749,558109
GOLD COAST,OOL,2016,10,94,241097,246926,488023,48289,44655,92944,289386,291581,580967
GOLD COAST,OOL,2016,11,95,217585,221922,439507,41995,42664,84659,259580,264586,524166
GOLD COAST,OOL,2016,12,96,246168,236962,483130,48627,53957,102584,294795,290919,585714
GOLD COAST,OOL,2017,1,97,249932,269342,519274,57691,46200,103891,307623,315542,623165
GOLD COAST,OOL,2017,2,98,190703,196827,387530,42614,36458,79072,233317,233285,466602
GOLD COAST,OOL,2017,3,99,215154,212372,427526,44795,42345,87140,259949,254717,514666
GOLD COAST,OOL,2017,4,100,230176,233720,463896,48791,45433,94224,278967,279153,558120
GOLD COAST,OOL,2017,5,101,197532,199078,396610,40980,37658,78638,238512,236736,475248
GOLD COAST,OOL,2017,6,102,198253,192782,391035,39900,41871,81771,238153,234653,472806
GOLD COAST,OOL,2017,7,103,240788,238372,479160,53245,42828,96073,294033,281200,575233
GOLD COAST,OOL,2017,8,104,210013,214791,424804,45310,44960,90270,255323,259751,515074
GOLD COAST,OOL,2017,9,105,236713,223207,459920,43479,44284,87763,280192,267491,547683
GOLD COAST,OOL,2017,10,106,240741,252165,492906,49333,44902,94235,290074,297067,587141
GOLD COAST,OOL,2017,11,107,226173,228215,454388,41391,43142,84533,267564,271357,538921
GOLD COAST,OOL,2017,12,108,256458,245478,501936,48111,54377,102488,304569,299855,604424
GOLD COAST,OOL,2018,1,109,262917,283349,546266,55665,47400,103065,318582,330749,649331
GOLD COAST,OOL,2018,2,110,198220,201132,399352,41025,37190,78215,239245,238322,477567
GOLD COAST,OOL,2018,3,111,229124,222321,451445,44258,44035,88293,273382,266356,539738
GOLD COAST,OOL,2018,4,112,234754,242712,477466,48166,42169,90335,282920,284881,567801
GOLD COAST,OOL,2018,5,113,195129,197669,392798,38091,36695,74786,233220,234364,467584
GOLD COAST,OOL,2018,6,114,198752,191807,390559,39070,41285,80355,237822,233092,470914
GOLD COAST,OOL,2018,7,115,238435,239301,477736,50439,43182,93621,288874,282483,571357
GOLD COAST,OOL,2018,8,116,222751,224919,447670,43070,42826,85896,265821,267745,533566
GOLD COAST,OOL,2018,9,117,232596,223958,456554,38337,40845,79182,270933,264803,535736
GOLD COAST,OOL,2018,10,118,239357,247668,487025,44146,42429,86575,283503,290097,573600
GOLD COAST,OOL,2018,11,119,223284,223640,446924,35905,37921,73826,259189,261561,520750
GOLD COAST,OOL,2018,12,120,249216,238173,487389,41245,49804,91049,290461,287977,578438
GOLD COAST,OOL,2019,1,121,262601,279573,542174,50028,45595,95623,312629,325168,637797
GOLD COAST,OOL,2019,2,122,190989,197259,388248,37158,33065,70223,228147,230324,458471
GOLD COAST,OOL,2019,3,123,213949,211594,425543,37533,36254,73787,251482,247848,499330
GOLD COAST,OOL,2019,4,124,238715,240862,479577,41791,39330,81121,280506,280192,560698
GOLD COAST,OOL,2019,5,125,202593,203317,405910,33718,31341,65059,236311,234658,470969
GOLD COAST,OOL,2019,6,126,203236,198016,401252,34422,37429,71851,237658,235445,473103
GOLD COAST,OOL,2019,7,127,247576,248958,496534,46702,39113,85815,294278,288071,582349
GOLD COAST,OOL,2019,8,128,222730,225565,448295,38835,39005,77840,261565,264570,526135
GOLD COAST,OOL,2019,9,129,241442,230758,472200,36132,37885,74017,277574,268643,546217
GOLD COAST,OOL,2019,10,130,255381,265431,520812,40033,37218,77251,295414,302649,598063
GOLD COAST,OOL,2019,11,131,225477,231244,456721,34509,35596,70105,259986,266840,526826
GOLD COAST,OOL,2019,12,132,261555,244787,506342,45674,52629,98303,307229,297416,604645
GOLD COAST,OOL,2020,1,133,262457,276137,538594,52235,47115,99350,314692,323252,637944
GOLD COAST,OOL,2020,2,134,185735,189523,375258,36789,32871,69660,222524,222394,444918
GOLD COAST,OOL,2020,3,135,127307,137163,264470,20412,18038,38450,147719,155201,302920
GOLD COAST,OOL,2020,4,136,596,922,1518,0,0,0,596,922,1518
GOLD COAST,OOL,2020,5,137,1025,1272,2297,0,0,0,1025,1272,2297
GOLD COAST,OOL,2020,6,138,2252,2837,5089,0,0,0,2252,2837,5089
GOLD COAST,OOL,2020,7,139,21997,19649,41646,0,0,0,21997,19649,41646
GOLD COAST,OOL,2020,8,140,4075,5636,9711,0,0,0,4075,5636,9711
GOLD COAST,OOL,2020,9,141,10057,10035,20092,0,284,284,10057,10319,20376
GOLD COAST,OOL,2020,10,142,16042,15400,31442,0,0,0,16042,15400,31442
GOLD COAST,OOL,2020,11,143,17802,18453,36255,0,0,0,17802,18453,36255
GOLD COAST,OOL,2020,12,144,101843,86257,188100,0,0,0,101843,86257,188100
GOLD COAST,OOL,2021,1,145,86476,106520,192996,0,0,0,86476,106520,192996
GOLD COAST,OOL,2021,2,146,78519,81407,159926,0,0,0,78519,81407,159926
GOLD COAST,OOL,2021,3,147,142324,138815,281139,0,0,0,142324,138815,281139
GOLD COAST,OOL,2021,4,148,197500,199954,397454,1797,2603,4400,199297,202557,401854
GOLD COAST,OOL,2021,5,149,186483,185124,371607,7460,6807,14267,193943,191931,385874
GOLD COAST,OOL,2021,6,150,119201,117418,236619,8198,7736,15934,127399,125154,252553
GOLD COAST,OOL,2021,7,151,43177,52264,95441,4205,5438,9643,47382,57702,105084
GOLD COAST,OOL,2021,8,152,5901,6584,12485,0,0,0,5901,6584,12485
GOLD COAST,OOL,2021,9,153,12427,12573,25000,0,0,0,12427,12573,25000
GOLD COAST,OOL,2021,10,154,12556,13379,25935,0,0,0,12556,13379,25935
GOLD COAST,OOL,2021,11,155,17318,18011,35329,0,0,0,17318,18011,35329
GOLD COAST,OOL,2021,12,156,119880,85001,204881,0,0,0,119880,85001,204881
GOLD COAST,OOL,2022,1,157,182877,202648,385525,0,0,0,182877,202648,385525
GOLD COAST,OOL,2022,2,158,151862,151166,303028,301,124,425,152163,151290,303453
GOLD COAST,OOL,2022,3,159,196849,199365,396214,2983,3031,6014,199832,202396,402228
GOLD COAST,OOL,2022,4,160,270544,269351,539895,8060,7695,15755,278604,277046,555650
GOLD COAST,OOL,2022,5,161,217755,220808,438563,9571,8649,18220,227326,229457,456783
GOLD COAST,OOL,2022,6,162,231105,221148,452253,15210,16385,31595,246315,237533,483848
GOLD COAST,OOL,2022,7,163,243878,245747,489625,26229,22633,48862,270107,268380,538487
GOLD COAST,OOL,2022,8,164,216702,218038,434740,25503,25076,50579,242205,243114,485319
GOLD COAST,OOL,2022,9,165,232538,227367,459905,26255,26290,52545,258793,253657,512450
GOLD COAST,OOL,2022,10,166,237083,237880,474963,27812,26387,54199,264895,264267,529162
GOLD COAST,OOL,2022,11,167,231294,233057,464351,28108,29278,57386,259402,262335,521737
GOLD COAST,OOL,2022,12,168,243465,234968,478433,27094,28518,55612,270559,263486,534045
GOLD COAST,OOL,2023,1,169,248670,261906,510576,32363,28659,61022,281033,290565,571598
GOLD COAST,OOL,2023,2,170,188231,187276,375507,28225,26802,55027,216456,214078,430534
GOLD COAST,OOL,2023,3,171,211524,213378,424902,30936,30210,61146,242460,243588,486048
GOLD COAST,OOL,2023,4,172,229806,228478,458284,39214,36705,75919,269020,265183,534203
GOLD COAST,OOL,2023,5,173,205362,205698,411060,32887,30946,63833,238249,236644,474893
GOLD COAST,OOL,2023,6,174,209560,201489,411049,35099,37464,72563,244659,238953,483612
GOLD COAST,OOL,2023,7,175,238507,241729,480236,43785,36661,80446,282292,278390,560682
GOLD COAST,OOL,2023,8,176,218772,220353,439125,34098,33112,67210,252870,253465,506335
GOLD COAST,OOL,2023,9,177,244452,236402,480854,36804,37399,74203,281256,273801,555057
GOLD COAST,OOL,2023,10,178,240543,246162,486705,36152,33809,69961,276695,279971,556666
GOLD COAST,OOL,2023,11,179,229172,231813,460985,25198,26729,51927,254370,258542,512912
GOLD COAST,OOL,2023,12,180,257085,243178,500263,26944,30423,57367,284029,273601,557630
GOLD COAST,OOL,2024,1,181,258128,275765,533893,32659,29658,62317,290787,305423,596210
GOLD COAST,OOL,2024,2,182,212791,214004,426795,23412,22061,45473,236203,236065,472268
GOLD COAST,OOL,2024,3,183,242625,236651,479276,23851,23870,47721,266476,260521,526997
GOLD COAST,OOL,2024,4,184,243096,248009,491105,30213,26508,56721,273309,274517,547826
GOLD COAST,OOL,2024,5,185,208372,208655,417027,22701,21933,44634,231073,230588,461661
GOLD COAST,OOL,2024,6,186,209732,207786,417518,24777,25347,50124,234509,233133,467642
GOLD COAST,OOL,2024,7,187,245886,241774,487660,31207,28850,60057,277093,270624,547717
GOLD COAST,OOL,2024,8,188,215306,216752,432058,26083,25433,51516,241389,242185,483574
GOLD COAST,OOL,2024,9,189,232618,222871,455489,28290,27285,55575,260908,250156,511064
GOLD COAST,OOL,2024,10,190,241841,250122,491963,27448,27488,54936,269289,277610,546899
GOLD COAST,OOL,2024,11,191,217514,218938,436452,20316,21375,41691,237830,240313,478143
GOLD COAST,OOL,2024,12,192,260449,248197,508646,27212,30357,57569,287661,278554,566215
GOLD COAST,OOL,2025,1,193,273674,280022,553696,36425,31551,67976,310099,311573,621672
GOLD COAST,OOL,2025,2,194,188272,192174,380446,19297,19400,38697,207569,211574,419143
GOLD COAST,OOL,2025,3,195,172948,170495,343443,19224,18138,37362,192172,188633,380805
GOLD COAST,OOL,2025,4,196,234401,234110,468511,31192,30080,61272,265593,264190,529783
GOLD COAST,OOL,2025,5,197,206079,205877,411956,23636,22040,45676,229715,227917,457632
GOLD COAST,OOL,2025,6,198,200700,202990,403690,26419,25524,51943,227119,228514,455633
HAMILTON ISLAND,HTI,2009,1,1,19233,21400,40633,0,0,0,19233,21400,40633
HAMILTON ISLAND,HTI,2009,2,2,13441,13381,26822,0,0,0,13441,13381,26822
HAMILTON ISLAND,HTI,2009,3,3,16418,16376,32794,0,0,0,16418,16376,32794
HAMILTON ISLAND,HTI,2009,4,4,17439,17532,34971,0,0,0,17439,17532,34971
HAMILTON ISLAND,HTI,2009,5,5,14959,15330,30289,0,0,0,14959,15330,30289
HAMILTON ISLAND,HTI,2009,6,6,15081,14625,29706,0,0,0,15081,14625,29706
HAMILTON ISLAND,HTI,2009,7,7,19347,19839,39186,0,0,0,19347,19839,39186
HAMILTON ISLAND,HTI,2009,8,8,20162,20478,40640,0,0,0,20162,20478,40640
HAMILTON ISLAND,HTI,2009,9,9,23005,22603,45608,0,0,0,23005,22603,45608
HAMILTON ISLAND,HTI,2009,10,10,24217,24561,48778,0,0,0,24217,24561,48778
HAMILTON ISLAND,HTI,2009,11,11,22397,22966,45363,0,0,0,22397,22966,45363
HAMILTON ISLAND,HTI,2009,12,12,21234,20414,41648,0,0,0,21234,20414,41648
HAMILTON ISLAND,HTI,2010,1,13,21471,23160,44631,0,0,0,21471,23160,44631
HAMILTON ISLAND,HTI,2010,2,14,16794,16718,33512,0,0,0,16794,16718,33512
HAMILTON ISLAND,HTI,2010,3,15,17924,17626,35550,0,0,0,17924,17626,35550
HAMILTON ISLAND,HTI,2010,4,16,19470,19653,39123,0,0,0,19470,19653,39123
HAMILTON ISLAND,HTI,2010,5,17,15711,16409,32120,0,0,0,15711,16409,32120
HAMILTON ISLAND,HTI,2010,6,18,16377,15523,31900,0,0,0,16377,15523,31900
HAMILTON ISLAND,HTI,2010,7,19,19521,20456,39977,0,0,0,19521,20456,39977
HAMILTON ISLAND,HTI,2010,8,20,20111,20047,40158,0,0,0,20111,20047,40158
HAMILTON ISLAND,HTI,2010,9,21,22709,21122,43831,0,0,0,22709,21122,43831
HAMILTON ISLAND,HTI,2010,10,22,23376,24636,48012,0,0,0,23376,24636,48012
HAMILTON ISLAND,HTI,2010,11,23,21799,22621,44420,0,0,0,21799,22621,44420
HAMILTON ISLAND,HTI,2010,12,24,22647,21194,43841,0,0,0,22647,21194,43841
HAMILTON ISLAND,HTI,2011,1,25,20297,23727,44024,0,0,0,20297,23727,44024
HAMILTON ISLAND,HTI,2011,2,26,12751,12155,24906,0,0,0,12751,12155,24906
HAMILTON ISLAND,HTI,2011,3,27,16346,16232,32578,0,0,0,16346,16232,32578
HAMILTON ISLAND,HTI,2011,4,28,19114,18848,37962,0,0,0,19114,18848,37962
HAMILTON ISLAND,HTI,2011,5,29,14177,15277,29454,0,0,0,14177,15277,29454
HAMILTON ISLAND,HTI,2011,6,30,14850,13628,28478,0,0,0,14850,13628,28478
HAMILTON ISLAND,HTI,2011,7,31,19457,19650,39107,0,0,0,19457,19650,39107
HAMILTON ISLAND,HTI,2011,8,32,19876,19779,39655,0,0,0,19876,19779,39655
HAMILTON ISLAND,HTI,2011,9,33,23094,21284,44378,0,0,0,23094,21284,44378
HAMILTON ISLAND,HTI,2011,10,34,22886,24516,47402,0,0,0,22886,24516,47402
HAMILTON ISLAND,HTI,2011,11,35,21386,22319,43705,0,0,0,21386,22319,43705
HAMILTON ISLAND,HTI,2011,12,36,21111,19668,40779,0,0,0,21111,19668,40779
HAMILTON ISLAND,HTI,2012,1,37,19546,22017,41563,0,0,0,19546,22017,41563
HAMILTON ISLAND,HTI,2012,2,38,13543,13827,27370,0,0,0,13543,13827,27370
HAMILTON ISLAND,HTI,2012,3,39,16254,15380,31634,0,0,0,16254,15380,31634
HAMILTON ISLAND,HTI,2012,4,40,18323,18765,37088,0,0,0,18323,18765,37088
HAMILTON ISLAND,HTI,2012,5,41,14535,15003,29538,0,0,0,14535,15003,29538
HAMILTON ISLAND,HTI,2012,6,42,16231,14644,30875,0,0,0,16231,14644,30875
HAMILTON ISLAND,HTI,2012,7,43,17730,18047,35777,0,0,0,17730,18047,35777
HAMILTON ISLAND,HTI,2012,8,44,18029,17452,35481,0,0,0,18029,17452,35481
HAMILTON ISLAND,HTI,2012,9,45,21942,20358,42300,0,0,0,21942,20358,42300
HAMILTON ISLAND,HTI,2012,10,46,21947,22979,44926,0,0,0,21947,22979,44926
HAMILTON ISLAND,HTI,2012,11,47,21088,21290,42378,0,0,0,21088,21290,42378
HAMILTON ISLAND,HTI,2012,12,48,21496,20261,41757,0,0,0,21496,20261,41757
HAMILTON ISLAND,HTI,2013,1,49,19124,21253,40377,0,0,0,19124,21253,40377
HAMILTON ISLAND,HTI,2013,2,50,15268,15134,30402,0,0,0,15268,15134,30402
HAMILTON ISLAND,HTI,2013,3,51,17792,16657,34449,0,0,0,17792,16657,34449
HAMILTON ISLAND,HTI,2013,4,52,17849,18928,36777,0,0,0,17849,18928,36777
HAMILTON ISLAND,HTI,2013,5,53,15088,15102,30190,0,0,0,15088,15102,30190
HAMILTON ISLAND,HTI,2013,6,54,16694,15212,31906,0,0,0,16694,15212,31906
HAMILTON ISLAND,HTI,2013,7,55,17875,19112,36987,0,0,0,17875,19112,36987
HAMILTON ISLAND,HTI,2013,8,56,20422,19647,40069,0,0,0,20422,19647,40069
HAMILTON ISLAND,HTI,2013,9,57,23283,21927,45210,0,0,0,23283,21927,45210
HAMILTON ISLAND,HTI,2013,10,58,23693,24577,48270,0,0,0,23693,24577,48270
HAMILTON ISLAND,HTI,2013,11,59,22775,22928,45703,0,0,0,22775,22928,45703
HAMILTON ISLAND,HTI,2013,12,60,23009,21951,44960,0,0,0,23009,21951,44960
HAMILTON ISLAND,HTI,2014,1,61,21333,23441,44774,0,0,0,21333,23441,44774
HAMILTON ISLAND,HTI,2014,2,62,17279,17282,34561,0,0,0,17279,17282,34561
HAMILTON ISLAND,HTI,2014,3,63,17274,17414,34688,0,0,0,17274,17414,34688
HAMILTON ISLAND,HTI,2014,4,64,18407,18367,36774,0,0,0,18407,18367,36774
HAMILTON ISLAND,HTI,2014,5,65,16644,16586,33230,0,0,0,16644,16586,33230
HAMILTON ISLAND,HTI,2014,6,66,16873,15213,32086,0,0,0,16873,15213,32086
HAMILTON ISLAND,HTI,2014,7,67,20478,21793,42271,0,0,0,20478,21793,42271
HAMILTON ISLAND,HTI,2014,8,68,21538,21307,42845,0,0,0,21538,21307,42845
HAMILTON ISLAND,HTI,2014,9,69,24516,22996,47512,0,0,0,24516,22996,47512
HAMILTON ISLAND,HTI,2014,10,70,24055,25300,49355,0,0,0,24055,25300,49355
HAMILTON ISLAND,HTI,2014,11,71,21743,22049,43792,0,0,0,21743,22049,43792
HAMILTON ISLAND,HTI,2014,12,72,22916,21701,44617,0,0,0,22916,21701,44617
HAMILTON ISLAND,HTI,2015,1,73,21515,24010,45525,0,0,0,21515,24010,45525
HAMILTON ISLAND,HTI,2015,2,74,18129,17566,35695,0,0,0,18129,17566,35695
HAMILTON ISLAND,HTI,2015,3,75,18788,18138,36926,0,0,0,18788,18138,36926
HAMILTON ISLAND,HTI,2015,4,76,18567,19125,37692,0,0,0,18567,19125,37692
HAMILTON ISLAND,HTI,2015,5,77,16356,16902,33258,0,0,0,16356,16902,33258
HAMILTON ISLAND,HTI,2015,6,78,18103,16269,34372,0,0,0,18103,16269,34372
HAMILTON ISLAND,HTI,2015,7,79,19019,19946,38965,0,0,0,19019,19946,38965
HAMILTON ISLAND,HTI,2015,8,80,21042,21156,42198,0,0,0,21042,21156,42198
HAMILTON ISLAND,HTI,2015,9,81,23255,21637,44892,0,0,0,23255,21637,44892
HAMILTON ISLAND,HTI,2015,10,82,23315,24246,47561,0,0,0,23315,24246,47561
HAMILTON ISLAND,HTI,2015,11,83,21629,22375,44004,0,0,0,21629,22375,44004
HAMILTON ISLAND,HTI,2015,12,84,23727,21671,45398,0,0,0,23727,21671,45398
HAMILTON ISLAND,HTI,2016,1,85,22617,24999,47616,0,0,0,22617,24999,47616
HAMILTON ISLAND,HTI,2016,2,86,20744,20562,41306,0,0,0,20744,20562,41306
HAMILTON ISLAND,HTI,2016,3,87,22312,20772,43084,0,0,0,22312,20772,43084
HAMILTON ISLAND,HTI,2016,4,88,21842,22714,44556,0,0,0,21842,22714,44556
HAMILTON ISLAND,HTI,2016,5,89,18880,20006,38886,0,0,0,18880,20006,38886
HAMILTON ISLAND,HTI,2016,6,90,19262,17017,36279,0,0,0,19262,17017,36279
HAMILTON ISLAND,HTI,2016,7,91,23290,24686,47976,0,0,0,23290,24686,47976
HAMILTON ISLAND,HTI,2016,8,92,22826,23024,45850,0,0,0,22826,23024,45850
HAMILTON ISLAND,HTI,2016,9,93,26244,24538,50782,0,0,0,26244,24538,50782
HAMILTON ISLAND,HTI,2016,10,94,25971,27069,53040,0,0,0,25971,27069,53040
HAMILTON ISLAND,HTI,2016,11,95,24398,25255,49653,0,0,0,24398,25255,49653
HAMILTON ISLAND,HTI,2016,12,96,26315,24479,50794,0,0,0,26315,24479,50794
HAMILTON ISLAND,HTI,2017,1,97,26590,29087,55677,0,0,0,26590,29087,55677
HAMILTON ISLAND,HTI,2017,2,98,19690,20718,40408,0,0,0,19690,20718,40408
HAMILTON ISLAND,HTI,2017,3,99,17665,18510,36175,0,0,0,17665,18510,36175
HAMILTON ISLAND,HTI,2017,4,100,8954,7837,16791,0,0,0,8954,7837,16791
HAMILTON ISLAND,HTI,2017,5,101,12495,12799,25294,0,0,0,12495,12799,25294
HAMILTON ISLAND,HTI,2017,6,102,12601,11540,24141,0,0,0,12601,11540,24141
HAMILTON ISLAND,HTI,2017,7,103,17069,17966,35035,0,0,0,17069,17966,35035
HAMILTON ISLAND,HTI,2017,8,104,17459,17375,34834,0,0,0,17459,17375,34834
HAMILTON ISLAND,HTI,2017,9,105,19922,18540,38462,0,0,0,19922,18540,38462
HAMILTON ISLAND,HTI,2017,10,106,19266,20888,40154,0,0,0,19266,20888,40154
HAMILTON ISLAND,HTI,2017,11,107,18585,18765,37350,0,0,0,18585,18765,37350
HAMILTON ISLAND,HTI,2017,12,108,20167,19063,39230,0,0,0,20167,19063,39230
HAMILTON ISLAND,HTI,2018,1,109,18523,20414,38937,0,0,0,18523,20414,38937
HAMILTON ISLAND,HTI,2018,2,110,16593,16666,33259,0,0,0,16593,16666,33259
HAMILTON ISLAND,HTI,2018,3,111,16672,15753,32425,0,0,0,16672,15753,32425
HAMILTON ISLAND,HTI,2018,4,112,15867,16890,32757,0,0,0,15867,16890,32757
HAMILTON ISLAND,HTI,2018,5,113,13253,13723,26976,0,0,0,13253,13723,26976
HAMILTON ISLAND,HTI,2018,6,114,13797,13148,26945,0,0,0,13797,13148,26945
HAMILTON ISLAND,HTI,2018,7,115,18537,19562,38099,0,0,0,18537,19562,38099
HAMILTON ISLAND,HTI,2018,8,116,18498,18441,36939,0,0,0,18498,18441,36939
HAMILTON ISLAND,HTI,2018,9,117,20506,19290,39796,0,0,0,20506,19290,39796
HAMILTON ISLAND,HTI,2018,10,118,20146,21935,42081,0,0,0,20146,21935,42081
HAMILTON ISLAND,HTI,2018,11,119,19180,19367,38547,0,0,0,19180,19367,38547
HAMILTON ISLAND,HTI,2018,12,120,20924,19699,40623,0,0,0,20924,19699,40623
HAMILTON ISLAND,HTI,2019,1,121,18734,21179,39913,0,0,0,18734,21179,39913
HAMILTON ISLAND,HTI,2019,2,122,15354,15844,31198,0,0,0,15354,15844,31198
HAMILTON ISLAND,HTI,2019,3,123,15182,15103,30285,0,0,0,15182,15103,30285
HAMILTON ISLAND,HTI,2019,4,124,18466,18217,36683,0,0,0,18466,18217,36683
HAMILTON ISLAND,HTI,2019,5,125,13986,14324,28310,0,0,0,13986,14324,28310
HAMILTON ISLAND,HTI,2019,6,126,14973,13789,28762,0,0,0,14973,13789,28762
HAMILTON ISLAND,HTI,2019,7,127,19871,20944,40815,0,0,0,19871,20944,40815
HAMILTON ISLAND,HTI,2019,8,128,19838,19645,39483,0,0,0,19838,19645,39483
HAMILTON ISLAND,HTI,2019,9,129,22853,21528,44381,0,0,0,22853,21528,44381
HAMILTON ISLAND,HTI,2019,10,130,22524,24536,47060,0,0,0,22524,24536,47060
HAMILTON ISLAND,HTI,2019,11,131,20579,20977,41556,0,0,0,20579,20977,41556
HAMILTON ISLAND,HTI,2019,12,132,23078,21022,44100,0,0,0,23078,21022,44100
HAMILTON ISLAND,HTI,2020,1,133,22712,25497,48209,0,0,0,22712,25497,48209
HAMILTON ISLAND,HTI,2020,2,134,14231,14505,28736,0,0,0,14231,14505,28736
HAMILTON ISLAND,HTI,2020,3,135,10071,12473,22544,0,0,0,10071,12473,22544
HAMILTON ISLAND,HTI,2020,4,136,0,0,0,0,0,0,0,0,0
HAMILTON ISLAND,HTI,2020,5,137,0,0,0,0,0,0,0,0,0
HAMILTON ISLAND,HTI,2020,6,138,0,0,0,0,0,0,0,0,0
HAMILTON ISLAND,HTI,2020,7,139,254,103,357,0,0,0,254,103,357
HAMILTON ISLAND,HTI,2020,8,140,4259,3940,8199,0,0,0,4259,3940,8199
HAMILTON ISLAND,HTI,2020,9,141,8241,7285,15526,0,0,0,8241,7285,15526
HAMILTON ISLAND,HTI,2020,10,142,8730,9254,17984,0,0,0,8730,9254,17984
HAMILTON ISLAND,HTI,2020,11,143,9643,9220,18863,0,0,0,9643,9220,18863
HAMILTON ISLAND,HTI,2020,12,144,14690,13664,28354,0,0,0,14690,13664,28354
HAMILTON ISLAND,HTI,2021,1,145,10317,12310,22627,0,0,0,10317,12310,22627
HAMILTON ISLAND,HTI,2021,2,146,11631,10806,22437,0,0,0,11631,10806,22437
HAMILTON ISLAND,HTI,2021,3,147,18225,17235,35460,0,0,0,18225,17235,35460
HAMILTON ISLAND,HTI,2021,4,148,20772,20463,41235,0,0,0,20772,20463,41235
HAMILTON ISLAND,HTI,2021,5,149,19954,21048,41002,0,0,0,19954,21048,41002
HAMILTON ISLAND,HTI,2021,6,150,17249,16271,33520,0,0,0,17249,16271,33520
HAMILTON ISLAND,HTI,2021,7,151,10794,13887,24681,0,0,0,10794,13887,24681
HAMILTON ISLAND,HTI,2021,8,152,4340,4691,9031,0,0,0,4340,4691,9031
HAMILTON ISLAND,HTI,2021,9,153,10406,9404,19810,0,0,0,10406,9404,19810
HAMILTON ISLAND,HTI,2021,10,154,11625,12654,24279,0,0,0,11625,12654,24279
HAMILTON ISLAND,HTI,2021,11,155,10789,10601,21390,0,0,0,10789,10601,21390
HAMILTON ISLAND,HTI,2021,12,156,17026,14663,31689,0,0,0,17026,14663,31689
HAMILTON ISLAND,HTI,2022,1,157,14446,16313,30759,0,0,0,14446,16313,30759
HAMILTON ISLAND,HTI,2022,2,158,16502,16129,32631,0,0,0,16502,16129,32631
HAMILTON ISLAND,HTI,2022,3,159,19756,19377,39133,0,0,0,19756,19377,39133
HAMILTON ISLAND,HTI,2022,4,160,22722,22756,45478,0,0,0,22722,22756,45478
HAMILTON ISLAND,HTI,2022,5,161,20748,21417,42165,0,0,0,20748,21417,42165
HAMILTON ISLAND,HTI,2022,6,162,21297,19433,40730,0,0,0,21297,19433,40730
HAMILTON ISLAND,HTI,2022,7,163,22580,24049,46629,0,0,0,22580,24049,46629
HAMILTON ISLAND,HTI,2022,8,164,19831,20154,39985,0,0,0,19831,20154,39985
HAMILTON ISLAND,HTI,2022,9,165,23457,21920,45377,0,0,0,23457,21920,45377
HAMILTON ISLAND,HTI,2022,10,166,23848,25602,49450,0,0,0,23848,25602,49450
HAMILTON ISLAND,HTI,2022,11,167,21402,22093,43495,0,0,0,21402,22093,43495
HAMILTON ISLAND,HTI,2022,12,168,22644,21576,44220,0,0,0,22644,21576,44220
HAMILTON ISLAND,HTI,2023,1,169,22244,25226,47470,0,0,0,22244,25226,47470
HAMILTON ISLAND,HTI,2023,2,170,15672,16084,31756,0,0,0,15672,16084,31756
HAMILTON ISLAND,HTI,2023,3,171,19639,19003,38642,0,0,0,19639,19003,38642
HAMILTON ISLAND,HTI,2023,4,172,21237,21644,42881,0,0,0,21237,21644,42881
HAMILTON ISLAND,HTI,2023,5,173,16799,17715,34514,0,0,0,16799,17715,34514
HAMILTON ISLAND,HTI,2023,6,174,18886,16883,35769,0,0,0,18886,16883,35769
HAMILTON ISLAND,HTI,2023,7,175,20977,22514,43491,0,0,0,20977,22514,43491
HAMILTON ISLAND,HTI,2023,8,176,20181,20074,40255,0,0,0,20181,20074,40255
HAMILTON ISLAND,HTI,2023,9,177,24692,23278,47970,0,0,0,24692,23278,47970
HAMILTON ISLAND,HTI,2023,10,178,22003,24027,46030,0,0,0,22003,24027,46030
HAMILTON ISLAND,HTI,2023,11,179,21715,21567,43282,0,0,0,21715,21567,43282
HAMILTON ISLAND,HTI,2023,12,180,23138,21393,44531,0,0,0,23138,21393,44531
HAMILTON ISLAND,HTI,2024,1,181,19849,22780,42629,0,0,0,19849,22780,42629
HAMILTON ISLAND,HTI,2024,2,182,17969,17826,35795,0,0,0,17969,17826,35795
HAMILTON ISLAND,HTI,2024,3,183,20464,18447,38911,0,0,0,20464,18447,38911
HAMILTON ISLAND,HTI,2024,4,184,18993,20979,39972,0,0,0,18993,20979,39972
HAMILTON ISLAND,HTI,2024,5,185,16164,16613,32777,0,0,0,16164,16613,32777
HAMILTON ISLAND,HTI,2024,6,186,17731,16366,34097,0,0,0,17731,16366,34097
HAMILTON ISLAND,HTI,2024,7,187,20962,22282,43244,0,0,0,20962,22282,43244
HAMILTON ISLAND,HTI,2024,8,188,19738,19631,39369,0,0,0,19738,19631,39369
HAMILTON ISLAND,HTI,2024,9,189,23413,22263,45676,0,0,0,23413,22263,45676
HAMILTON ISLAND,HTI,2024,10,190,22594,24507,47101,0,0,0,22594,24507,47101
HAMILTON ISLAND,HTI,2024,11,191,20962,21135,42097,0,0,0,20962,21135,42097
HAMILTON ISLAND,HTI,2024,12,192,24027,22845,46872,0,0,0,24027,22845,46872
HAMILTON ISLAND,HTI,2025,1,193,22530,24628,47158,0,0,0,22530,24628,47158
HAMILTON ISLAND,HTI,2025,2,194,15096,15832,30928,0,0,0,15096,15832,30928
HAMILTON ISLAND,HTI,2025,3,195,18840,18382,37222,0,0,0,18840,18382,37222
HAMILTON ISLAND,HTI,2025,4,196,21532,21512,43044,0,0,0,21532,21512,43044
HAMILTON ISLAND,HTI,2025,5,197,16321,16644,32965,0,0,0,16321,16644,32965
HAMILTON ISLAND,HTI,2025,6,198,17255,16145,33400,0,0,0,17255,16145,33400
HOBART,HBA,2009,1,1,88551,96258,184809,0,0,0,88551,96258,184809
HOBART,HBA,2009,2,2,80226,77967,158193,0,0,0,80226,77967,158193
HOBART,HBA,2009,3,3,85655,88241,173896,0,0,0,85655,88241,173896
HOBART,HBA,2009,4,4,80504,81802,162306,0,0,0,80504,81802,162306
HOBART,HBA,2009,5,5,71580,76766,148346,0,0,0,71580,76766,148346
HOBART,HBA,2009,6,6,67913,64387,132300,0,0,0,67913,64387,132300
HOBART,HBA,2009,7,7,69369,70328,139697,0,0,0,69369,70328,139697
HOBART,HBA,2009,8,8,72844,73169,146013,0,0,0,72844,73169,146013
HOBART,HBA,2009,9,9,77671,73040,150711,0,0,0,77671,73040,150711
HOBART,HBA,2009,10,10,79255,78683,157938,0,0,0,79255,78683,157938
HOBART,HBA,2009,11,11,78141,78185,156326,0,0,0,78141,78185,156326
HOBART,HBA,2009,12,12,85143,78781,163924,0,0,0,85143,78781,163924
HOBART,HBA,2010,1,13,82337,89740,172077,0,0,0,82337,89740,172077
HOBART,HBA,2010,2,14,80480,77113,157593,0,0,0,80480,77113,157593
HOBART,HBA,2010,3,15,83340,84388,167728,0,0,0,83340,84388,167728
HOBART,HBA,2010,4,16,77541,81585,159126,0,0,0,77541,81585,159126
HOBART,HBA,2010,5,17,70607,76458,147065,0,0,0,70607,76458,147065
HOBART,HBA,2010,6,18,70837,66836,137673,0,0,0,70837,66836,137673
HOBART,HBA,2010,7,19,70896,73702,144598,0,0,0,70896,73702,144598
HOBART,HBA,2010,8,20,71393,72567,143960,0,0,0,71393,72567,143960
HOBART,HBA,2010,9,21,79678,71781,151459,0,0,0,79678,71781,151459
HOBART,HBA,2010,10,22,78044,78129,156173,0,0,0,78044,78129,156173
HOBART,HBA,2010,11,23,80259,81028,161287,0,0,0,80259,81028,161287
HOBART,HBA,2010,12,24,97986,85367,183353,0,0,0,97986,85367,183353
HOBART,HBA,2011,1,25,92675,106709,199384,0,0,0,92675,106709,199384
HOBART,HBA,2011,2,26,83321,79592,162913,0,0,0,83321,79592,162913
HOBART,HBA,2011,3,27,87289,90641,177930,0,0,0,87289,90641,177930
HOBART,HBA,2011,4,28,76354,80101,156455,0,0,0,76354,80101,156455
HOBART,HBA,2011,5,29,69370,76509,145879,0,0,0,69370,76509,145879
HOBART,HBA,2011,6,30,60645,59129,119774,0,0,0,60645,59129,119774
HOBART,HBA,2011,7,31,67266,68520,135786,0,0,0,67266,68520,135786
HOBART,HBA,2011,8,32,66258,68792,135050,0,0,0,66258,68792,135050
HOBART,HBA,2011,9,33,74384,66544,140928,0,0,0,74384,66544,140928
HOBART,HBA,2011,10,34,74678,75770,150448,0,0,0,74678,75770,150448
HOBART,HBA,2011,11,35,76263,76813,153076,0,0,0,76263,76813,153076
HOBART,HBA,2011,12,36,89010,78048,167058,0,0,0,89010,78048,167058
HOBART,HBA,2012,1,37,84357,97944,182301,0,0,0,84357,97944,182301
HOBART,HBA,2012,2,38,78675,76620,155295,0,0,0,78675,76620,155295
HOBART,HBA,2012,3,39,81410,84749,166159,0,0,0,81410,84749,166159
HOBART,HBA,2012,4,40,75329,78629,153958,0,0,0,75329,78629,153958
HOBART,HBA,2012,5,41,66036,73834,139870,0,0,0,66036,73834,139870
HOBART,HBA,2012,6,42,69742,64966,134708,0,0,0,69742,64966,134708
HOBART,HBA,2012,7,43,69699,70926,140625,0,0,0,69699,70926,140625
HOBART,HBA,2012,8,44,69350,70866,140216,0,0,0,69350,70866,140216
HOBART,HBA,2012,9,45,82379,73729,156108,0,0,0,82379,73729,156108
HOBART,HBA,2012,10,46,81473,84636,166109,0,0,0,81473,84636,166109
HOBART,HBA,2012,11,47,91650,90863,182513,0,0,0,91650,90863,182513
HOBART,HBA,2012,12,48,108100,93064,201164,0,0,0,108100,93064,201164
HOBART,HBA,2013,1,49,95467,112438,207905,0,0,0,95467,112438,207905
HOBART,HBA,2013,2,50,84575,84478,169053,0,0,0,84575,84478,169053
HOBART,HBA,2013,3,51,96515,95278,191793,0,0,0,96515,95278,191793
HOBART,HBA,2013,4,52,83602,94754,178356,0,0,0,83602,94754,178356
HOBART,HBA,2013,5,53,74986,75030,150016,0,0,0,74986,75030,150016
HOBART,HBA,2013,6,54,71412,71281,142693,0,0,0,71412,71281,142693
HOBART,HBA,2013,7,55,81088,83784,164872,0,0,0,81088,83784,164872
HOBART,HBA,2013,8,56,79622,80027,159649,0,0,0,79622,80027,159649
HOBART,HBA,2013,9,57,81809,78832,160641,0,0,0,81809,78832,160641
HOBART,HBA,2013,10,58,91869,89038,180907,0,0,0,91869,89038,180907
HOBART,HBA,2013,11,59,91192,90315,181507,0,0,0,91192,90315,181507
HOBART,HBA,2013,12,60,108502,95812,204314,0,0,0,108502,95812,204314
HOBART,HBA,2014,1,61,99727,112709,212436,0,0,0,99727,112709,212436
HOBART,HBA,2014,2,62,85952,85280,171232,0,0,0,85952,85280,171232
HOBART,HBA,2014,3,63,94087,98207,192294,0,0,0,94087,98207,192294
HOBART,HBA,2014,4,64,84171,90769,174940,0,0,0,84171,90769,174940
HOBART,HBA,2014,5,65,76390,76964,153354,0,0,0,76390,76964,153354
HOBART,HBA,2014,6,66,75294,75202,150496,0,0,0,75294,75202,150496
HOBART,HBA,2014,7,67,82618,85222,167840,0,0,0,82618,85222,167840
HOBART,HBA,2014,8,68,78837,79802,158639,0,0,0,78837,79802,158639
HOBART,HBA,2014,9,69,81768,78408,160176,0,0,0,81768,78408,160176
HOBART,HBA,2014,10,70,95303,91155,186458,0,0,0,95303,91155,186458
HOBART,HBA,2014,11,71,94398,94140,188538,0,0,0,94398,94140,188538
HOBART,HBA,2014,12,72,112735,98843,211578,0,0,0,112735,98843,211578
HOBART,HBA,2015,1,73,105456,120299,225755,0,0,0,105456,120299,225755
HOBART,HBA,2015,2,74,94081,91925,186006,0,0,0,94081,91925,186006
HOBART,HBA,2015,3,75,97209,101984,199193,0,0,0,97209,101984,199193
HOBART,HBA,2015,4,76,89654,94013,183667,0,0,0,89654,94013,183667
HOBART,HBA,2015,5,77,79587,82903,162490,0,0,0,79587,82903,162490
HOBART,HBA,2015,6,78,78217,77801,156018,0,0,0,78217,77801,156018
HOBART,HBA,2015,7,79,84845,88470,173315,0,0,0,84845,88470,173315
HOBART,HBA,2015,8,80,80594,80957,161551,0,0,0,80594,80957,161551
HOBART,HBA,2015,9,81,86809,83347,170156,0,0,0,86809,83347,170156
HOBART,HBA,2015,10,82,99361,94374,193735,0,0,0,99361,94374,193735
HOBART,HBA,2015,11,83,99925,99671,199596,0,0,0,99925,99671,199596
HOBART,HBA,2015,12,84,119726,107224,226950,0,0,0,119726,107224,226950
HOBART,HBA,2016,1,85,108012,124464,232476,0,0,0,108012,124464,232476
HOBART,HBA,2016,2,86,97978,97936,195914,0,0,0,97978,97936,195914
HOBART,HBA,2016,3,87,104741,107306,212047,0,0,0,104741,107306,212047
HOBART,HBA,2016,4,88,94140,102924,197064,0,0,0,94140,102924,197064
HOBART,HBA,2016,5,89,86020,90531,176551,0,0,0,86020,90531,176551
HOBART,HBA,2016,6,90,86667,86917,173584,0,0,0,86667,86917,173584
HOBART,HBA,2016,7,91,90828,92811,183639,0,0,0,90828,92811,183639
HOBART,HBA,2016,8,92,83265,85213,168478,0,0,0,83265,85213,168478
HOBART,HBA,2016,9,93,94732,90362,185094,0,0,0,94732,90362,185094
HOBART,HBA,2016,10,94,104258,101159,205417,0,0,0,104258,101159,205417
HOBART,HBA,2016,11,95,103495,103545,207040,0,0,0,103495,103545,207040
HOBART,HBA,2016,12,96,127433,113400,240833,0,0,0,127433,113400,240833
HOBART,HBA,2017,1,97,118191,132076,250267,0,0,0,118191,132076,250267
HOBART,HBA,2017,2,98,103325,102059,205384,0,0,0,103325,102059,205384
HOBART,HBA,2017,3,99,107501,111737,219238,0,0,0,107501,111737,219238
HOBART,HBA,2017,4,100,104746,109772,214518,0,0,0,104746,109772,214518
HOBART,HBA,2017,5,101,88382,92193,180575,0,0,0,88382,92193,180575
HOBART,HBA,2017,6,102,90673,89636,180309,0,0,0,90673,89636,180309
HOBART,HBA,2017,7,103,99196,102431,201627,0,0,0,99196,102431,201627
HOBART,HBA,2017,8,104,87387,87859,175246,0,0,0,87387,87859,175246
HOBART,HBA,2017,9,105,97992,91468,189460,0,0,0,97992,91468,189460
HOBART,HBA,2017,10,106,108902,108200,217102,0,0,0,108902,108200,217102
HOBART,HBA,2017,11,107,110717,110395,221112,0,0,0,110717,110395,221112
HOBART,HBA,2017,12,108,135137,120368,255505,0,0,0,135137,120368,255505
HOBART,HBA,2018,1,109,125218,141366,266584,0,0,0,125218,141366,266584
HOBART,HBA,2018,2,110,113258,109757,223015,0,0,0,113258,109757,223015
HOBART,HBA,2018,3,111,123639,124859,248498,0,0,0,123639,124859,248498
HOBART,HBA,2018,4,112,111145,118749,229894,0,0,0,111145,118749,229894
HOBART,HBA,2018,5,113,90232,93341,183573,0,0,0,90232,93341,183573
HOBART,HBA,2018,6,114,91837,92643,184480,0,0,0,91837,92643,184480
HOBART,HBA,2018,7,115,106020,106872,212892,0,0,0,106020,106872,212892
HOBART,HBA,2018,8,116,94063,94842,188905,0,0,0,94063,94842,188905
HOBART,HBA,2018,9,117,101772,96920,198692,0,0,0,101772,96920,198692
HOBART,HBA,2018,10,118,118753,117015,235768,0,0,0,118753,117015,235768
HOBART,HBA,2018,11,119,119996,117668,237664,0,0,0,119996,117668,237664
HOBART,HBA,2018,12,120,141828,124835,266663,0,0,0,141828,124835,266663
HOBART,HBA,2019,1,121,130366,147840,278206,0,0,0,130366,147840,278206
HOBART,HBA,2019,2,122,118030,113881,231911,0,0,0,118030,113881,231911
HOBART,HBA,2019,3,123,120100,123918,244018,0,0,0,120100,123918,244018
HOBART,HBA,2019,4,124,114959,119517,234476,0,0,0,114959,119517,234476
HOBART,HBA,2019,5,125,95801,98915,194716,0,0,0,95801,98915,194716
HOBART,HBA,2019,6,126,100817,100831,201648,0,0,0,100817,100831,201648
HOBART,HBA,2019,7,127,109278,111707,220985,0,0,0,109278,111707,220985
HOBART,HBA,2019,8,128,101185,101926,203111,0,0,0,101185,101926,203111
HOBART,HBA,2019,9,129,108777,103743,212520,0,0,0,108777,103743,212520
HOBART,HBA,2019,10,130,121894,119785,241679,0,0,0,121894,119785,241679
HOBART,HBA,2019,11,131,123885,123263,247148,0,0,0,123885,123263,247148
HOBART,HBA,2019,12,132,144019,127302,271321,0,0,0,144019,127302,271321
HOBART,HBA,2020,1,133,135552,149565,285117,0,0,0,135552,149565,285117
HOBART,HBA,2020,2,134,115076,113163,228239,0,0,0,115076,113163,228239
HOBART,HBA,2020,3,135,72088,80867,152955,0,0,0,72088,80867,152955
HOBART,HBA,2020,4,136,780,1341,2121,0,0,0,780,1341,2121
HOBART,HBA,2020,5,137,1263,2003,3266,0,0,0,1263,2003,3266
HOBART,HBA,2020,6,138,2302,3099,5401,0,0,0,2302,3099,5401
HOBART,HBA,2020,7,139,2840,3618,6458,0,0,0,2840,3618,6458
HOBART,HBA,2020,8,140,2400,3050,5450,0,0,0,2400,3050,5450
HOBART,HBA,2020,9,141,2423,2660,5083,0,0,0,2423,2660,5083
HOBART,HBA,2020,10,142,4246,4699,8945,0,0,0,4246,4699,8945
HOBART,HBA,2020,11,143,23926,21419,45345,0,0,0,23926,21419,45345
HOBART,HBA,2020,12,144,72103,59180,131283,0,0,0,72103,59180,131283
HOBART,HBA,2021,1,145,59922,70307,130229,0,0,0,59922,70307,130229
HOBART,HBA,2021,2,146,50326,48098,98424,0,0,0,50326,48098,98424
HOBART,HBA,2021,3,147,76227,77215,153442,0,0,0,76227,77215,153442
HOBART,HBA,2021,4,148,93921,96316,190237,137,183,320,94058,96499,190557
HOBART,HBA,2021,5,149,74074,79535,153609,488,562,1050,74562,80097,154659
HOBART,HBA,2021,6,150,56217,52554,108771,689,702,1391,56906,53256,110162
HOBART,HBA,2021,7,151,38053,44465,82518,833,886,1719,38886,45351,84237
HOBART,HBA,2021,8,152,17404,18076,35480,0,0,0,17404,18076,35480
HOBART,HBA,2021,9,153,25466,24138,49604,0,0,0,25466,24138,49604
HOBART,HBA,2021,10,154,27175,26525,53700,0,0,0,27175,26525,53700
HOBART,HBA,2021,11,155,32624,32982,65606,0,0,0,32624,32982,65606
HOBART,HBA,2021,12,156,78179,61490,139669,0,0,0,78179,61490,139669
HOBART,HBA,2022,1,157,70894,85446,156340,0,0,0,70894,85446,156340
HOBART,HBA,2022,2,158,66138,64432,130570,0,0,0,66138,64432,130570
HOBART,HBA,2022,3,159,86896,89061,175957,0,0,0,86896,89061,175957
HOBART,HBA,2022,4,160,113765,118659,232424,0,0,0,113765,118659,232424
HOBART,HBA,2022,5,161,93746,96842,190588,0,0,0,93746,96842,190588
HOBART,HBA,2022,6,162,97517,93865,191382,0,0,0,97517,93865,191382
HOBART,HBA,2022,7,163,97861,105202,203063,753,716,1469,98614,105918,204532
HOBART,HBA,2022,8,164,85422,84173,169595,547,565,1112,85969,84738,170707
HOBART,HBA,2022,9,165,95823,90097,185920,947,904,1851,96770,91001,187771
HOBART,HBA,2022,10,166,103985,102869,206854,1508,1468,2976,105493,104337,209830
HOBART,HBA,2022,11,167,106859,106469,213328,1778,1801,3579,108637,108270,216907
HOBART,HBA,2022,12,168,123479,109511,232990,1730,1810,3540,125209,111321,236530
HOBART,HBA,2023,1,169,117108,131344,248452,2065,1997,4062,119173,133341,252514
HOBART,HBA,2023,2,170,106003,103872,209875,1576,1483,3059,107579,105355,212934
HOBART,HBA,2023,3,171,114440,117129,231569,1813,1830,3643,116253,118959,235212
HOBART,HBA,2023,4,172,105358,110247,215605,1788,1848,3636,107146,112095,219241
HOBART,HBA,2023,5,173,92852,97147,189999,905,965,1870,93757,98112,191869
HOBART,HBA,2023,6,174,98820,93843,192663,812,847,1659,99632,94690,194322
HOBART,HBA,2023,7,175,95521,102655,198176,808,873,1681,96329,103528,199857
HOBART,HBA,2023,8,176,92652,91560,184212,722,691,1413,93374,92251,185625
HOBART,HBA,2023,9,177,101661,96216,197877,907,889,1796,102568,97105,199673
HOBART,HBA,2023,10,178,112922,111912,224834,1328,1307,2635,114250,113219,227469
HOBART,HBA,2023,11,179,113296,111212,224508,1884,1970,3854,115180,113182,228362
HOBART,HBA,2023,12,180,139047,122697,261744,1297,1310,2607,140344,124007,264351
HOBART,HBA,2024,1,181,131225,145439,276664,1529,1606,3135,132754,147045,279799
HOBART,HBA,2024,2,182,117233,114579,231812,1944,1970,3914,119177,116549,235726
HOBART,HBA,2024,3,183,122225,121583,243808,1992,2175,4167,124217,123758,247975
HOBART,HBA,2024,4,184,110250,118400,228650,275,281,556,110525,118681,229206
HOBART,HBA,2024,5,185,93974,97700,191674,0,0,0,93974,97700,191674
HOBART,HBA,2024,6,186,95277,92438,187715,0,0,0,95277,92438,187715
HOBART,HBA,2024,7,187,105623,109924,215547,0,0,0,105623,109924,215547
HOBART,HBA,2024,8,188,99397,98490,197887,0,0,0,99397,98490,197887
HOBART,HBA,2024,9,189,105263,102317,207580,0,0,0,105263,102317,207580
HOBART,HBA,2024,10,190,118654,116355,235009,436,372,808,119090,116727,235817
HOBART,HBA,2024,11,191,121233,116850,238083,1836,1905,3741,123069,118755,241824
HOBART,HBA,2024,12,192,146168,128689,274857,2013,1958,3971,148181,130647,278828
HOBART,HBA,2025,1,193,145093,157739,302832,1873,1877,3750,146966,159616,306582
HOBART,HBA,2025,2,194,114691,113391,228082,1834,1735,3569,116525,115126,231651
HOBART,HBA,2025,3,195,121767,126492,248259,2129,2129,4258,123896,128621,252517
HOBART,HBA,2025,4,196,119004,123766,242770,0,0,0,119004,123766,242770
HOBART,HBA,2025,5,197,102922,105479,208401,0,0,0,102922,105479,208401
HOBART,HBA,2025,6,198,101892,100585,202477,0,0,0,101892,100585,202477
KARRATHA,KTA,2009,1,1,19832,15380,35212,0,0,0,19832,15380,35212
KARRATHA,KTA,2009,2,2,18104,18605,36709,0,0,0,18104,18605,36709
KARRATHA,KTA,2009,3,3,21324,19676,41000,0,0,0,21324,19676,41000
KARRATHA,KTA,2009,4,4,21474,21891,43365,0,0,0,21474,21891,43365
KARRATHA,KTA,2009,5,5,21794,22334,44128,0,0,0,21794,22334,44128
KARRATHA,KTA,2009,6,6,22665,22113,44778,0,0,0,22665,22113,44778
KARRATHA,KTA,2009,7,7,23748,24514,48262,0,0,0,23748,24514,48262
KARRATHA,KTA,2009,8,8,23605,23680,47285,0,0,0,23605,23680,47285
KARRATHA,KTA,2009,9,9,25126,25334,50460,0,0,0,25126,25334,50460
KARRATHA,KTA,2009,10,10,25428,26222,51650,0,0,0,25428,26222,51650
KARRATHA,KTA,2009,11,11,25346,24944,50290,0,0,0,25346,24944,50290
KARRATHA,KTA,2009,12,12,19846,26184,46030,0,0,0,19846,26184,46030
KARRATHA,KTA,2010,1,13,24349,19774,44123,0,0,0,24349,19774,44123
KARRATHA,KTA,2010,2,14,22216,22442,44658,0,0,0,22216,22442,44658
KARRATHA,KTA,2010,3,15,26812,26767,53579,0,0,0,26812,26767,53579
KARRATHA,KTA,2010,4,16,24569,24978,49547,0,0,0,24569,24978,49547
KARRATHA,KTA,2010,5,17,25101,25006,50107,0,0,0,25101,25006,50107
KARRATHA,KTA,2010,6,18,25089,26131,51220,0,0,0,25089,26131,51220
KARRATHA,KTA,2010,7,19,27369,28283,55652,0,0,0,27369,28283,55652
KARRATHA,KTA,2010,8,20,26944,27139,54083,0,0,0,26944,27139,54083
KARRATHA,KTA,2010,9,21,27025,28665,55690,0,0,0,27025,28665,55690
KARRATHA,KTA,2010,10,22,29327,29400,58727,0,0,0,29327,29400,58727
KARRATHA,KTA,2010,11,23,29171,28616,57787,0,0,0,29171,28616,57787
KARRATHA,KTA,2010,12,24,22220,31415,53635,0,0,0,22220,31415,53635
KARRATHA,KTA,2011,1,25,29255,21348,50603,0,0,0,29255,21348,50603
KARRATHA,KTA,2011,2,26,25213,24858,50071,0,0,0,25213,24858,50071
KARRATHA,KTA,2011,3,27,31078,29797,60875,0,0,0,31078,29797,60875
KARRATHA,KTA,2011,4,28,27897,29468,57365,0,0,0,27897,29468,57365
KARRATHA,KTA,2011,5,29,31295,30395,61690,0,0,0,31295,30395,61690
KARRATHA,KTA,2011,6,30,29391,29639,59030,0,0,0,29391,29639,59030
KARRATHA,KTA,2011,7,31,33496,34124,67620,0,0,0,33496,34124,67620
KARRATHA,KTA,2011,8,32,34720,34325,69045,0,0,0,34720,34325,69045
KARRATHA,KTA,2011,9,33,32822,34030,66852,0,0,0,32822,34030,66852
KARRATHA,KTA,2011,10,34,32702,32386,65088,0,0,0,32702,32386,65088
KARRATHA,KTA,2011,11,35,36031,34173,70204,0,0,0,36031,34173,70204
KARRATHA,KTA,2011,12,36,25815,36053,61868,0,0,0,25815,36053,61868
KARRATHA,KTA,2012,1,37,35138,26597,61735,0,0,0,35138,26597,61735
KARRATHA,KTA,2012,2,38,32776,31847,64623,0,0,0,32776,31847,64623
KARRATHA,KTA,2012,3,39,33169,34540,67709,0,0,0,33169,34540,67709
KARRATHA,KTA,2012,4,40,32696,32413,65109,0,0,0,32696,32413,65109
KARRATHA,KTA,2012,5,41,35798,35628,71426,0,0,0,35798,35628,71426
KARRATHA,KTA,2012,6,42,33144,33878,67022,0,0,0,33144,33878,67022
KARRATHA,KTA,2012,7,43,36532,35987,72519,0,0,0,36532,35987,72519
KARRATHA,KTA,2012,8,44,35698,37034,72732,0,0,0,35698,37034,72732
KARRATHA,KTA,2012,9,45,33535,34048,67583,0,0,0,33535,34048,67583
KARRATHA,KTA,2012,10,46,38291,37031,75322,0,0,0,38291,37031,75322
KARRATHA,KTA,2012,11,47,35586,35948,71534,0,0,0,35586,35948,71534
KARRATHA,KTA,2012,12,48,26940,34161,61101,0,0,0,26940,34161,61101
KARRATHA,KTA,2013,1,49,36313,28259,64572,0,0,0,36313,28259,64572
KARRATHA,KTA,2013,2,50,28156,28674,56830,0,0,0,28156,28674,56830
KARRATHA,KTA,2013,3,51,34364,33386,67750,0,0,0,34364,33386,67750
KARRATHA,KTA,2013,4,52,35446,34139,69585,0,0,0,35446,34139,69585
KARRATHA,KTA,2013,5,53,35926,36065,71991,0,0,0,35926,36065,71991
KARRATHA,KTA,2013,6,54,30804,33201,64005,0,0,0,30804,33201,64005
KARRATHA,KTA,2013,7,55,35629,34747,70376,0,0,0,35629,34747,70376
KARRATHA,KTA,2013,8,56,30780,32734,63514,0,0,0,30780,32734,63514
KARRATHA,KTA,2013,9,57,29965,30836,60801,0,0,0,29965,30836,60801
KARRATHA,KTA,2013,10,58,33486,32649,66135,0,0,0,33486,32649,66135
KARRATHA,KTA,2013,11,59,29816,30343,60159,0,0,0,29816,30343,60159
KARRATHA,KTA,2013,12,60,23416,31481,54897,0,0,0,23416,31481,54897
KARRATHA,KTA,2014,1,61,32683,25686,58369,0,0,0,32683,25686,58369
KARRATHA,KTA,2014,2,62,27868,27687,55555,0,0,0,27868,27687,55555
KARRATHA,KTA,2014,3,63,29871,29163,59034,0,0,0,29871,29163,59034
KARRATHA,KTA,2014,4,64,30455,29751,60206,0,0,0,30455,29751,60206
KARRATHA,KTA,2014,5,65,30029,31630,61659,0,0,0,30029,31630,61659
KARRATHA,KTA,2014,6,66,28853,28240,57093,0,0,0,28853,28240,57093
KARRATHA,KTA,2014,7,67,31443,31190,62633,0,0,0,31443,31190,62633
KARRATHA,KTA,2014,8,68,29933,30828,60761,0,0,0,29933,30828,60761
KARRATHA,KTA,2014,9,69,29929,30501,60430,0,0,0,29929,30501,60430
KARRATHA,KTA,2014,10,70,32016,32760,64776,0,0,0,32016,32760,64776
KARRATHA,KTA,2014,11,71,28528,28860,57388,0,0,0,28528,28860,57388
KARRATHA,KTA,2014,12,72,22578,29886,52464,0,0,0,22578,29886,52464
KARRATHA,KTA,2015,1,73,27371,21795,49166,0,0,0,27371,21795,49166
KARRATHA,KTA,2015,2,74,23907,24807,48714,0,0,0,23907,24807,48714
KARRATHA,KTA,2015,3,75,25836,25992,51828,0,0,0,25836,25992,51828
KARRATHA,KTA,2015,4,76,26116,26467,52583,0,0,0,26116,26467,52583
KARRATHA,KTA,2015,5,77,25042,25160,50202,0,0,0,25042,25160,50202
KARRATHA,KTA,2015,6,78,24647,25348,49995,0,0,0,24647,25348,49995
KARRATHA,KTA,2015,7,79,27639,27574,55213,0,0,0,27639,27574,55213
KARRATHA,KTA,2015,8,80,25386,24763,50149,0,0,0,25386,24763,50149
KARRATHA,KTA,2015,9,81,25376,26444,51820,0,0,0,25376,26444,51820
KARRATHA,KTA,2015,10,82,26024,25986,52010,0,0,0,26024,25986,52010
KARRATHA,KTA,2015,11,83,25465,24652,50117,0,0,0,25465,24652,50117
KARRATHA,KTA,2015,12,84,20550,25239,45789,0,0,0,20550,25239,45789
KARRATHA,KTA,2016,1,85,21683,18456,40139,0,0,0,21683,18456,40139
KARRATHA,KTA,2016,2,86,20037,19143,39180,0,0,0,20037,19143,39180
KARRATHA,KTA,2016,3,87,21020,21745,42765,0,0,0,21020,21745,42765
KARRATHA,KTA,2016,4,88,20794,21126,41920,0,0,0,20794,21126,41920
KARRATHA,KTA,2016,5,89,23696,22587,46283,0,0,0,23696,22587,46283
KARRATHA,KTA,2016,6,90,20235,21159,41394,0,0,0,20235,21159,41394
KARRATHA,KTA,2016,7,91,20847,20392,41239,0,0,0,20847,20392,41239
KARRATHA,KTA,2016,8,92,21137,20783,41920,0,0,0,21137,20783,41920
KARRATHA,KTA,2016,9,93,20716,20875,41591,0,0,0,20716,20875,41591
KARRATHA,KTA,2016,10,94,21361,19801,41162,0,0,0,21361,19801,41162
KARRATHA,KTA,2016,11,95,21485,20519,42004,0,0,0,21485,20519,42004
KARRATHA,KTA,2016,12,96,15435,19862,35297,0,0,0,15435,19862,35297
KARRATHA,KTA,2017,1,97,19267,15565,34832,0,0,0,19267,15565,34832
KARRATHA,KTA,2017,2,98,16771,16556,33327,0,0,0,16771,16556,33327
KARRATHA,KTA,2017,3,99,19207,19750,38957,0,0,0,19207,19750,38957
KARRATHA,KTA,2017,4,100,17755,17832,35587,0,0,0,17755,17832,35587
KARRATHA,KTA,2017,5,101,20502,19185,39687,0,0,0,20502,19185,39687
KARRATHA,KTA,2017,6,102,19009,19354,38363,0,0,0,19009,19354,38363
KARRATHA,KTA,2017,7,103,18287,18243,36530,0,0,0,18287,18243,36530
KARRATHA,KTA,2017,8,104,18683,18913,37596,0,0,0,18683,18913,37596
KARRATHA,KTA,2017,9,105,17037,18248,35285,0,0,0,17037,18248,35285
KARRATHA,KTA,2017,10,106,19576,18571,38147,0,0,0,19576,18571,38147
KARRATHA,KTA,2017,11,107,18517,19014,37531,0,0,0,18517,19014,37531
KARRATHA,KTA,2017,12,108,14755,18450,33205,0,0,0,14755,18450,33205
KARRATHA,KTA,2018,1,109,18381,15119,33500,0,0,0,18381,15119,33500
KARRATHA,KTA,2018,2,110,16207,16221,32428,0,0,0,16207,16221,32428
KARRATHA,KTA,2018,3,111,17697,18856,36553,0,0,0,17697,18856,36553
KARRATHA,KTA,2018,4,112,18165,17789,35954,0,0,0,18165,17789,35954
KARRATHA,KTA,2018,5,113,19779,19469,39248,0,0,0,19779,19469,39248
KARRATHA,KTA,2018,6,114,18066,18853,36919,0,0,0,18066,18853,36919
KARRATHA,KTA,2018,7,115,20535,19601,40136,0,0,0,20535,19601,40136
KARRATHA,KTA,2018,8,116,19304,20876,40180,0,0,0,19304,20876,40180
KARRATHA,KTA,2018,9,117,17771,18959,36730,0,0,0,17771,18959,36730
KARRATHA,KTA,2018,10,118,20349,19233,39582,0,0,0,20349,19233,39582
KARRATHA,KTA,2018,11,119,18693,19284,37977,0,0,0,18693,19284,37977
KARRATHA,KTA,2018,12,120,14547,17695,32242,0,0,0,14547,17695,32242
KARRATHA,KTA,2019,1,121,19400,16331,35731,0,0,0,19400,16331,35731
KARRATHA,KTA,2019,2,122,16700,17111,33811,0,0,0,16700,17111,33811
KARRATHA,KTA,2019,3,123,17479,17698,35177,0,0,0,17479,17698,35177
KARRATHA,KTA,2019,4,124,20502,19057,39559,0,0,0,20502,19057,39559
KARRATHA,KTA,2019,5,125,19119,20624,39743,0,0,0,19119,20624,39743
KARRATHA,KTA,2019,6,126,18533,18505,37038,0,0,0,18533,18505,37038
KARRATHA,KTA,2019,7,127,21722,20762,42484,0,0,0,21722,20762,42484
KARRATHA,KTA,2019,8,128,19737,21258,40995,0,0,0,19737,21258,40995
KARRATHA,KTA,2019,9,129,20725,21035,41760,0,0,0,20725,21035,41760
KARRATHA,KTA,2019,10,130,21900,21470,43370,0,0,0,21900,21470,43370
KARRATHA,KTA,2019,11,131,20063,20591,40654,0,0,0,20063,20591,40654
KARRATHA,KTA,2019,12,132,16792,20784,37576,0,0,0,16792,20784,37576
KARRATHA,KTA,2020,1,133,21219,17595,38814,0,0,0,21219,17595,38814
KARRATHA,KTA,2020,2,134,17774,17772,35546,0,0,0,17774,17772,35546
KARRATHA,KTA,2020,3,135,13511,14175,27686,0,0,0,13511,14175,27686
KARRATHA,KTA,2020,4,136,1530,1737,3267,0,0,0,1530,1737,3267
KARRATHA,KTA,2020,5,137,1356,1295,2651,0,0,0,1356,1295,2651
KARRATHA,KTA,2020,6,138,3414,3651,7065,0,0,0,3414,3651,7065
KARRATHA,KTA,2020,7,139,7827,8130,15957,0,0,0,7827,8130,15957
KARRATHA,KTA,2020,8,140,10688,9863,20551,0,0,0,10688,9863,20551
KARRATHA,KTA,2020,9,141,14534,15897,30431,0,0,0,14534,15897,30431
KARRATHA,KTA,2020,10,142,15131,16649,31780,0,0,0,15131,16649,31780
KARRATHA,KTA,2020,11,143,15377,14915,30292,0,0,0,15377,14915,30292
KARRATHA,KTA,2020,12,144,12869,16262,29131,0,0,0,12869,16262,29131
KARRATHA,KTA,2021,1,145,14342,12861,27203,0,0,0,14342,12861,27203
KARRATHA,KTA,2021,2,146,10817,10429,21246,0,0,0,10817,10429,21246
KARRATHA,KTA,2021,3,147,17276,17120,34396,0,0,0,17276,17120,34396
KARRATHA,KTA,2021,4,148,16465,16259,32724,0,0,0,16465,16259,32724
KARRATHA,KTA,2021,5,149,18338,17735,36073,0,0,0,18338,17735,36073
KARRATHA,KTA,2021,6,150,18619,18578,37197,0,0,0,18619,18578,37197
KARRATHA,KTA,2021,7,151,18163,19152,37315,0,0,0,18163,19152,37315
KARRATHA,KTA,2021,8,152,19918,19057,38975,0,0,0,19918,19057,38975
KARRATHA,KTA,2021,9,153,19629,21612,41241,0,0,0,19629,21612,41241
KARRATHA,KTA,2021,10,154,20141,20175,40316,0,0,0,20141,20175,40316
KARRATHA,KTA,2021,11,155,20455,20392,40847,0,0,0,20455,20392,40847
KARRATHA,KTA,2021,12,156,15836,19532,35368,0,0,0,15836,19532,35368
KARRATHA,KTA,2022,1,157,17716,14557,32273,0,0,0,17716,14557,32273
KARRATHA,KTA,2022,2,158,15234,15558,30792,0,0,0,15234,15558,30792
KARRATHA,KTA,2022,3,159,18011,18331,36342,0,0,0,18011,18331,36342
KARRATHA,KTA,2022,4,160,19106,18921,38027,0,0,0,19106,18921,38027
KARRATHA,KTA,2022,5,161,20102,20666,40768,0,0,0,20102,20666,40768
KARRATHA,KTA,2022,6,162,22178,22418,44596,0,0,0,22178,22418,44596
KARRATHA,KTA,2022,7,163,22417,22435,44852,0,0,0,22417,22435,44852
KARRATHA,KTA,2022,8,164,24231,24582,48813,0,0,0,24231,24582,48813
KARRATHA,KTA,2022,9,165,22097,23867,45964,0,0,0,22097,23867,45964
KARRATHA,KTA,2022,10,166,23665,22626,46291,0,0,0,23665,22626,46291
KARRATHA,KTA,2022,11,167,23203,23462,46665,0,0,0,23203,23462,46665
KARRATHA,KTA,2022,12,168,16595,22025,38620,0,0,0,16595,22025,38620
KARRATHA,KTA,2023,1,169,21993,17416,39409,0,0,0,21993,17416,39409
KARRATHA,KTA,2023,2,170,19746,19880,39626,0,0,0,19746,19880,39626
KARRATHA,KTA,2023,3,171,22296,23103,45399,0,0,0,22296,23103,45399
KARRATHA,KTA,2023,4,172,20923,20892,41815,0,0,0,20923,20892,41815
KARRATHA,KTA,2023,5,173,24409,23182,47591,0,0,0,24409,23182,47591
KARRATHA,KTA,2023,6,174,22882,23806,46688,0,0,0,22882,23806,46688
KARRATHA,KTA,2023,7,175,23656,23968,47624,0,0,0,23656,23968,47624
KARRATHA,KTA,2023,8,176,24946,25080,50026,0,0,0,24946,25080,50026
KARRATHA,KTA,2023,9,177,22499,24610,47109,0,0,0,22499,24610,47109
KARRATHA,KTA,2023,10,178,25498,24074,49572,0,0,0,25498,24074,49572
KARRATHA,KTA,2023,11,179,24535,25294,49829,0,0,0,24535,25294,49829
KARRATHA,KTA,2023,12,180,18700,23692,42392,0,0,0,18700,23692,42392
KARRATHA,KTA,2024,1,181,25231,20180,45411,0,0,0,25231,20180,45411
KARRATHA,KTA,2024,2,182,21322,22170,43492,0,0,0,21322,22170,43492
KARRATHA,KTA,2024,3,183,24072,24751,48823,0,0,0,24072,24751,48823
KARRATHA,KTA,2024,4,184,25844,23824,49668,0,0,0,25844,23824,49668
KARRATHA,KTA,2024,5,185,25793,27403,53196,0,0,0,25793,27403,53196
KARRATHA,KTA,2024,6,186,25398,25543,50941,0,0,0,25398,25543,50941
KARRATHA,KTA,2024,7,187,29809,28600,58409,0,0,0,29809,28600,58409
KARRATHA,KTA,2024,8,188,27145,27957,55102,0,0,0,27145,27957,55102
KARRATHA,KTA,2024,9,189,25989,27082,53071,0,0,0,25989,27082,53071
KARRATHA,KTA,2024,10,190,29045,28082,57127,0,0,0,29045,28082,57127
KARRATHA,KTA,2024,11,191,26869,27481,54350,0,0,0,26869,27481,54350
KARRATHA,KTA,2024,12,192,20213,25624,45837,0,0,0,20213,25624,45837
KARRATHA,KTA,2025,1,193,26075,21784,47859,0,0,0,26075,21784,47859
KARRATHA,KTA,2025,2,194,24143,24834,48977,0,0,0,24143,24834,48977
KARRATHA,KTA,2025,3,195,27744,26873,54617,0,0,0,27744,26873,54617
KARRATHA,KTA,2025,4,196,29033,29023,58056,0,0,0,29033,29023,58056
KARRATHA,KTA,2025,5,197,28977,29912,58889,0,0,0,28977,29912,58889
KARRATHA,KTA,2025,6,198,29828,30012,59840,0,0,0,29828,30012,59840
LAUNCESTON,LST,2009,1,1,53276,56926,110202,0,0,0,53276,56926,110202
LAUNCESTON,LST,2009,2,2,47357,45645,93002,0,0,0,47357,45645,93002
LAUNCESTON,LST,2009,3,3,52117,53080,105197,0,0,0,52117,53080,105197
LAUNCESTON,LST,2009,4,4,48103,49058,97161,0,0,0,48103,49058,97161
LAUNCESTON,LST,2009,5,5,43724,46111,89835,0,0,0,43724,46111,89835
LAUNCESTON,LST,2009,6,6,43558,41178,84736,0,0,0,43558,41178,84736
LAUNCESTON,LST,2009,7,7,43009,45005,88014,0,0,0,43009,45005,88014
LAUNCESTON,LST,2009,8,8,44205,44814,89019,0,0,0,44205,44814,89019
LAUNCESTON,LST,2009,9,9,47148,44062,91210,0,0,0,47148,44062,91210
LAUNCESTON,LST,2009,10,10,47088,47112,94200,0,0,0,47088,47112,94200
LAUNCESTON,LST,2009,11,11,47334,47558,94892,0,0,0,47334,47558,94892
LAUNCESTON,LST,2009,12,12,51720,47186,98906,0,0,0,51720,47186,98906
LAUNCESTON,LST,2010,1,13,50233,55774,106007,0,0,0,50233,55774,106007
LAUNCESTON,LST,2010,2,14,47867,46638,94505,0,0,0,47867,46638,94505
LAUNCESTON,LST,2010,3,15,49830,50951,100781,0,0,0,49830,50951,100781
LAUNCESTON,LST,2010,4,16,49145,50974,100119,0,0,0,49145,50974,100119
LAUNCESTON,LST,2010,5,17,42635,45994,88629,0,0,0,42635,45994,88629
LAUNCESTON,LST,2010,6,18,43695,41349,85044,0,0,0,43695,41349,85044
LAUNCESTON,LST,2010,7,19,43396,45798,89194,0,0,0,43396,45798,89194
LAUNCESTON,LST,2010,8,20,44292,44645,88937,0,0,0,44292,44645,88937
LAUNCESTON,LST,2010,9,21,48145,43768,91913,0,0,0,48145,43768,91913
LAUNCESTON,LST,2010,10,22,48334,49055,97389,0,0,0,48334,49055,97389
LAUNCESTON,LST,2010,11,23,48816,48567,97383,0,0,0,48816,48567,97383
LAUNCESTON,LST,2010,12,24,63578,54488,118066,0,0,0,63578,54488,118066
LAUNCESTON,LST,2011,1,25,53384,62199,115583,0,0,0,53384,62199,115583
LAUNCESTON,LST,2011,2,26,48468,46666,95134,0,0,0,48468,46666,95134
LAUNCESTON,LST,2011,3,27,52074,54657,106731,0,0,0,52074,54657,106731
LAUNCESTON,LST,2011,4,28,48024,48508,96532,0,0,0,48024,48508,96532
LAUNCESTON,LST,2011,5,29,41123,44856,85979,0,0,0,41123,44856,85979
LAUNCESTON,LST,2011,6,30,37192,36323,73515,0,0,0,37192,36323,73515
LAUNCESTON,LST,2011,7,31,41920,42708,84628,0,0,0,41920,42708,84628
LAUNCESTON,LST,2011,8,32,41809,43353,85162,0,0,0,41809,43353,85162
LAUNCESTON,LST,2011,9,33,46117,40861,86978,0,0,0,46117,40861,86978
LAUNCESTON,LST,2011,10,34,45806,45459,91265,0,0,0,45806,45459,91265
LAUNCESTON,LST,2011,11,35,48217,48249,96466,0,0,0,48217,48249,96466
LAUNCESTON,LST,2011,12,36,59112,48529,107641,0,0,0,59112,48529,107641
LAUNCESTON,LST,2012,1,37,51723,62066,113789,0,0,0,51723,62066,113789
LAUNCESTON,LST,2012,2,38,47758,45556,93314,0,0,0,47758,45556,93314
LAUNCESTON,LST,2012,3,39,49930,51415,101345,0,0,0,49930,51415,101345
LAUNCESTON,LST,2012,4,40,47943,49440,97383,0,0,0,47943,49440,97383
LAUNCESTON,LST,2012,5,41,40869,46309,87178,0,0,0,40869,46309,87178
LAUNCESTON,LST,2012,6,42,43447,41580,85027,0,0,0,43447,41580,85027
LAUNCESTON,LST,2012,7,43,41448,42325,83773,0,0,0,41448,42325,83773
LAUNCESTON,LST,2012,8,44,43558,44731,88289,0,0,0,43558,44731,88289
LAUNCESTON,LST,2012,9,45,51735,45363,97098,0,0,0,51735,45363,97098
LAUNCESTON,LST,2012,10,46,48500,50236,98736,0,0,0,48500,50236,98736
LAUNCESTON,LST,2012,11,47,54220,53079,107299,0,0,0,54220,53079,107299
LAUNCESTON,LST,2012,12,48,64723,54319,119042,0,0,0,64723,54319,119042
LAUNCESTON,LST,2013,1,49,59195,68212,127407,0,0,0,59195,68212,127407
LAUNCESTON,LST,2013,2,50,51614,49824,101438,0,0,0,51614,49824,101438
LAUNCESTON,LST,2013,3,51,58097,57203,115300,0,0,0,58097,57203,115300
LAUNCESTON,LST,2013,4,52,53606,58484,112090,0,0,0,53606,58484,112090
LAUNCESTON,LST,2013,5,53,44115,45232,89347,0,0,0,44115,45232,89347
LAUNCESTON,LST,2013,6,54,42376,40518,82894,0,0,0,42376,40518,82894
LAUNCESTON,LST,2013,7,55,48884,51918,100802,0,0,0,48884,51918,100802
LAUNCESTON,LST,2013,8,56,47701,46349,94050,0,0,0,47701,46349,94050
LAUNCESTON,LST,2013,9,57,46688,46155,92843,0,0,0,46688,46155,92843
LAUNCESTON,LST,2013,10,58,56585,53950,110535,0,0,0,56585,53950,110535
LAUNCESTON,LST,2013,11,59,52468,51856,104324,0,0,0,52468,51856,104324
LAUNCESTON,LST,2013,12,60,67666,58449,126115,0,0,0,67666,58449,126115
LAUNCESTON,LST,2014,1,61,63827,71154,134981,0,0,0,63827,71154,134981
LAUNCESTON,LST,2014,2,62,52717,51591,104308,0,0,0,52717,51591,104308
LAUNCESTON,LST,2014,3,63,57992,59751,117743,0,0,0,57992,59751,117743
LAUNCESTON,LST,2014,4,64,53633,57336,110969,0,0,0,53633,57336,110969
LAUNCESTON,LST,2014,5,65,47347,48323,95670,0,0,0,47347,48323,95670
LAUNCESTON,LST,2014,6,66,47550,46394,93944,0,0,0,47550,46394,93944
LAUNCESTON,LST,2014,7,67,47391,49829,97220,0,0,0,47391,49829,97220
LAUNCESTON,LST,2014,8,68,44931,45508,90439,0,0,0,44931,45508,90439
LAUNCESTON,LST,2014,9,69,48691,46829,95520,0,0,0,48691,46829,95520
LAUNCESTON,LST,2014,10,70,55493,54135,109628,0,0,0,55493,54135,109628
LAUNCESTON,LST,2014,11,71,56824,54527,111351,0,0,0,56824,54527,111351
LAUNCESTON,LST,2014,12,72,67721,59688,127409,0,0,0,67721,59688,127409
LAUNCESTON,LST,2015,1,73,61786,69331,131117,0,0,0,61786,69331,131117
LAUNCESTON,LST,2015,2,74,53435,51643,105078,0,0,0,53435,51643,105078
LAUNCESTON,LST,2015,3,75,57484,59583,117067,0,0,0,57484,59583,117067
LAUNCESTON,LST,2015,4,76,52216,55380,107596,0,0,0,52216,55380,107596
LAUNCESTON,LST,2015,5,77,46677,48225,94902,0,0,0,46677,48225,94902
LAUNCESTON,LST,2015,6,78,42671,42200,84871,0,0,0,42671,42200,84871
LAUNCESTON,LST,2015,7,79,49223,51910,101133,0,0,0,49223,51910,101133
LAUNCESTON,LST,2015,8,80,46105,45411,91516,0,0,0,46105,45411,91516
LAUNCESTON,LST,2015,9,81,47215,46412,93627,0,0,0,47215,46412,93627
LAUNCESTON,LST,2015,10,82,56542,53452,109994,0,0,0,56542,53452,109994
LAUNCESTON,LST,2015,11,83,58767,57575,116342,0,0,0,58767,57575,116342
LAUNCESTON,LST,2015,12,84,70521,62644,133165,0,0,0,70521,62644,133165
LAUNCESTON,LST,2016,1,85,63517,72206,135723,0,0,0,63517,72206,135723
LAUNCESTON,LST,2016,2,86,57729,56406,114135,0,0,0,57729,56406,114135
LAUNCESTON,LST,2016,3,87,61282,61169,122451,0,0,0,61282,61169,122451
LAUNCESTON,LST,2016,4,88,54996,60277,115273,0,0,0,54996,60277,115273
LAUNCESTON,LST,2016,5,89,47415,49237,96652,0,0,0,47415,49237,96652
LAUNCESTON,LST,2016,6,90,45377,45564,90941,0,0,0,45377,45564,90941
LAUNCESTON,LST,2016,7,91,53340,54414,107754,0,0,0,53340,54414,107754
LAUNCESTON,LST,2016,8,92,44702,44901,89603,0,0,0,44702,44901,89603
LAUNCESTON,LST,2016,9,93,50064,48950,99014,0,0,0,50064,48950,99014
LAUNCESTON,LST,2016,10,94,55946,52152,108098,0,0,0,55946,52152,108098
LAUNCESTON,LST,2016,11,95,58326,56791,115117,0,0,0,58326,56791,115117
LAUNCESTON,LST,2016,12,96,72849,63415,136264,0,0,0,72849,63415,136264
LAUNCESTON,LST,2017,1,97,67589,75597,143186,0,0,0,67589,75597,143186
LAUNCESTON,LST,2017,2,98,57412,56874,114286,0,0,0,57412,56874,114286
LAUNCESTON,LST,2017,3,99,59033,61568,120601,0,0,0,59033,61568,120601
LAUNCESTON,LST,2017,4,100,58771,60217,118988,0,0,0,58771,60217,118988
LAUNCESTON,LST,2017,5,101,46056,48246,94302,0,0,0,46056,48246,94302
LAUNCESTON,LST,2017,6,102,44164,43756,87920,0,0,0,44164,43756,87920
LAUNCESTON,LST,2017,7,103,51577,53418,104995,0,0,0,51577,53418,104995
LAUNCESTON,LST,2017,8,104,45214,44862,90076,0,0,0,45214,44862,90076
LAUNCESTON,LST,2017,9,105,50483,48160,98643,0,0,0,50483,48160,98643
LAUNCESTON,LST,2017,10,106,55395,55407,110802,0,0,0,55395,55407,110802
LAUNCESTON,LST,2017,11,107,59175,58036,117211,0,0,0,59175,58036,117211
LAUNCESTON,LST,2017,12,108,75367,64845,140212,0,0,0,75367,64845,140212
LAUNCESTON,LST,2018,1,109,68889,78405,147294,0,0,0,68889,78405,147294
LAUNCESTON,LST,2018,2,110,57763,56071,113834,0,0,0,57763,56071,113834
LAUNCESTON,LST,2018,3,111,65920,66465,132385,0,0,0,65920,66465,132385
LAUNCESTON,LST,2018,4,112,59241,63764,123005,0,0,0,59241,63764,123005
LAUNCESTON,LST,2018,5,113,45400,47383,92783,0,0,0,45400,47383,92783
LAUNCESTON,LST,2018,6,114,45514,45946,91460,0,0,0,45514,45946,91460
LAUNCESTON,LST,2018,7,115,56721,58072,114793,0,0,0,56721,58072,114793
LAUNCESTON,LST,2018,8,116,47423,47206,94629,0,0,0,47423,47206,94629
LAUNCESTON,LST,2018,9,117,51454,49146,100600,0,0,0,51454,49146,100600
LAUNCESTON,LST,2018,10,118,57836,57111,114947,0,0,0,57836,57111,114947
LAUNCESTON,LST,2018,11,119,58989,58231,117220,0,0,0,58989,58231,117220
LAUNCESTON,LST,2018,12,120,73906,64885,138791,0,0,0,73906,64885,138791
LAUNCESTON,LST,2019,1,121,70824,79017,149841,0,0,0,70824,79017,149841
LAUNCESTON,LST,2019,2,122,58763,58499,117262,0,0,0,58763,58499,117262
LAUNCESTON,LST,2019,3,123,61397,64660,126057,0,0,0,61397,64660,126057
LAUNCESTON,LST,2019,4,124,63263,65723,128986,0,0,0,63263,65723,128986
LAUNCESTON,LST,2019,5,125,46938,49185,96123,0,0,0,46938,49185,96123
LAUNCESTON,LST,2019,6,126,45516,45744,91260,0,0,0,45516,45744,91260
LAUNCESTON,LST,2019,7,127,56217,56811,113028,0,0,0,56217,56811,113028
LAUNCESTON,LST,2019,8,128,46984,48107,95091,0,0,0,46984,48107,95091
LAUNCESTON,LST,2019,9,129,52095,49663,101758,0,0,0,52095,49663,101758
LAUNCESTON,LST,2019,10,130,58756,57738,116494,0,0,0,58756,57738,116494
LAUNCESTON,LST,2019,11,131,60389,59006,119395,0,0,0,60389,59006,119395
LAUNCESTON,LST,2019,12,132,74773,65236,140009,0,0,0,74773,65236,140009
LAUNCESTON,LST,2020,1,133,68722,77376,146098,0,0,0,68722,77376,146098
LAUNCESTON,LST,2020,2,134,56306,55972,112278,0,0,0,56306,55972,112278
LAUNCESTON,LST,2020,3,135,36699,39219,75918,0,0,0,36699,39219,75918
LAUNCESTON,LST,2020,4,136,301,475,776,0,0,0,301,475,776
LAUNCESTON,LST,2020,5,137,348,362,710,0,0,0,348,362,710
LAUNCESTON,LST,2020,6,138,994,1097,2091,0,0,0,994,1097,2091
LAUNCESTON,LST,2020,7,139,2039,2584,4623,0,0,0,2039,2584,4623
LAUNCESTON,LST,2020,8,140,1958,1949,3907,0,0,0,1958,1949,3907
LAUNCESTON,LST,2020,9,141,2189,2270,4459,0,0,0,2189,2270,4459
LAUNCESTON,LST,2020,10,142,3012,3295,6307,0,0,0,3012,3295,6307
LAUNCESTON,LST,2020,11,143,12199,10832,23031,0,0,0,12199,10832,23031
LAUNCESTON,LST,2020,12,144,39377,32862,72239,0,0,0,39377,32862,72239
LAUNCESTON,LST,2021,1,145,30884,35633,66517,0,0,0,30884,35633,66517
LAUNCESTON,LST,2021,2,146,25746,24783,50529,0,0,0,25746,24783,50529
LAUNCESTON,LST,2021,3,147,41676,40711,82387,0,0,0,41676,40711,82387
LAUNCESTON,LST,2021,4,148,52434,54389,106823,0,0,0,52434,54389,106823
LAUNCESTON,LST,2021,5,149,37123,39118,76241,0,0,0,37123,39118,76241
LAUNCESTON,LST,2021,6,150,22667,20028,42695,0,0,0,22667,20028,42695
LAUNCESTON,LST,2021,7,151,17484,20248,37732,0,0,0,17484,20248,37732
LAUNCESTON,LST,2021,8,152,5689,5261,10950,0,0,0,5689,5261,10950
LAUNCESTON,LST,2021,9,153,9837,9622,19459,0,0,0,9837,9622,19459
LAUNCESTON,LST,2021,10,154,11763,12018,23781,0,0,0,11763,12018,23781
LAUNCESTON,LST,2021,11,155,15215,14125,29340,0,0,0,15215,14125,29340
LAUNCESTON,LST,2021,12,156,43457,32543,76000,0,0,0,43457,32543,76000
LAUNCESTON,LST,2022,1,157,36769,43049,79818,0,0,0,36769,43049,79818
LAUNCESTON,LST,2022,2,158,33632,32485,66117,0,0,0,33632,32485,66117
LAUNCESTON,LST,2022,3,159,44856,45684,90540,0,0,0,44856,45684,90540
LAUNCESTON,LST,2022,4,160,59180,61264,120444,0,0,0,59180,61264,120444
LAUNCESTON,LST,2022,5,161,46127,48106,94233,0,0,0,46127,48106,94233
LAUNCESTON,LST,2022,6,162,48324,46338,94662,0,0,0,48324,46338,94662
LAUNCESTON,LST,2022,7,163,49150,53985,103135,0,0,0,49150,53985,103135
LAUNCESTON,LST,2022,8,164,42551,41525,84076,0,0,0,42551,41525,84076
LAUNCESTON,LST,2022,9,165,47310,45217,92527,0,0,0,47310,45217,92527
LAUNCESTON,LST,2022,10,166,54641,53629,108270,0,0,0,54641,53629,108270
LAUNCESTON,LST,2022,11,167,54272,52480,106752,0,0,0,54272,52480,106752
LAUNCESTON,LST,2022,12,168,66830,58410,125240,0,0,0,66830,58410,125240
LAUNCESTON,LST,2023,1,169,64841,72368,137209,0,0,0,64841,72368,137209
LAUNCESTON,LST,2023,2,170,53698,53043,106741,0,0,0,53698,53043,106741
LAUNCESTON,LST,2023,3,171,61444,62794,124238,0,0,0,61444,62794,124238
LAUNCESTON,LST,2023,4,172,58683,61547,120230,0,0,0,58683,61547,120230
LAUNCESTON,LST,2023,5,173,46254,48868,95122,0,0,0,46254,48868,95122
LAUNCESTON,LST,2023,6,174,45907,44530,90437,0,0,0,45907,44530,90437
LAUNCESTON,LST,2023,7,175,50137,53942,104079,0,0,0,50137,53942,104079
LAUNCESTON,LST,2023,8,176,49495,49486,98981,0,0,0,49495,49486,98981
LAUNCESTON,LST,2023,9,177,51583,49988,101571,0,0,0,51583,49988,101571
LAUNCESTON,LST,2023,10,178,60348,58947,119295,0,0,0,60348,58947,119295
LAUNCESTON,LST,2023,11,179,63106,61336,124442,0,0,0,63106,61336,124442
LAUNCESTON,LST,2023,12,180,76584,66277,142861,0,0,0,76584,66277,142861
LAUNCESTON,LST,2024,1,181,68013,75861,143874,0,0,0,68013,75861,143874
LAUNCESTON,LST,2024,2,182,62051,61639,123690,0,0,0,62051,61639,123690
LAUNCESTON,LST,2024,3,183,67859,67669,135528,0,0,0,67859,67669,135528
LAUNCESTON,LST,2024,4,184,60965,66265,127230,0,0,0,60965,66265,127230
LAUNCESTON,LST,2024,5,185,48699,50852,99551,0,0,0,48699,50852,99551
LAUNCESTON,LST,2024,6,186,46275,45612,91887,0,0,0,46275,45612,91887
LAUNCESTON,LST,2024,7,187,52370,55347,107717,0,0,0,52370,55347,107717
LAUNCESTON,LST,2024,8,188,52518,51398,103916,0,0,0,52518,51398,103916
LAUNCESTON,LST,2024,9,189,53042,53078,106120,0,0,0,53042,53078,106120
LAUNCESTON,LST,2024,10,190,59729,59611,119340,0,0,0,59729,59611,119340
LAUNCESTON,LST,2024,11,191,61369,58934,120303,0,0,0,61369,58934,120303
LAUNCESTON,LST,2024,12,192,73803,65551,139354,0,0,0,73803,65551,139354
LAUNCESTON,LST,2025,1,193,75563,83384,158947,0,0,0,75563,83384,158947
LAUNCESTON,LST,2025,2,194,59337,59315,118652,0,0,0,59337,59315,118652
LAUNCESTON,LST,2025,3,195,66243,67828,134071,0,0,0,66243,67828,134071
LAUNCESTON,LST,2025,4,196,57801,61464,119265,0,0,0,57801,61464,119265
LAUNCESTON,LST,2025,5,197,50733,54091,104824,0,0,0,50733,54091,104824
LAUNCESTON,LST,2025,6,198,50768,50365,101133,0,0,0,50768,50365,101133
MACKAY,MKY,2009,1,1,39935,39772,79707,0,0,0,39935,39772,79707
MACKAY,MKY,2009,2,2,34093,33861,67954,0,0,0,34093,33861,67954
MACKAY,MKY,2009,3,3,38335,37378,75713,0,0,0,38335,37378,75713
MACKAY,MKY,2009,4,4,38347,38448,76795,0,0,0,38347,38448,76795
MACKAY,MKY,2009,5,5,38023,37882,75905,0,0,0,38023,37882,75905
MACKAY,MKY,2009,6,6,38043,37284,75327,0,0,0,38043,37284,75327
MACKAY,MKY,2009,7,7,40206,40448,80654,0,0,0,40206,40448,80654
MACKAY,MKY,2009,8,8,38246,37882,76128,0,0,0,38246,37882,76128
MACKAY,MKY,2009,9,9,39508,39616,79124,0,0,0,39508,39616,79124
MACKAY,MKY,2009,10,10,40964,41045,82009,0,0,0,40964,41045,82009
MACKAY,MKY,2009,11,11,38991,39381,78372,0,0,0,38991,39381,78372
MACKAY,MKY,2009,12,12,38160,39841,78001,0,0,0,38160,39841,78001
MACKAY,MKY,2010,1,13,36743,36508,73251,0,0,0,36743,36508,73251
MACKAY,MKY,2010,2,14,33503,34298,67801,0,0,0,33503,34298,67801
MACKAY,MKY,2010,3,15,36041,35330,71371,0,0,0,36041,35330,71371
MACKAY,MKY,2010,4,16,36857,36634,73491,0,0,0,36857,36634,73491
MACKAY,MKY,2010,5,17,37655,37959,75614,0,0,0,37655,37959,75614
MACKAY,MKY,2010,6,18,40689,40733,81422,0,0,0,40689,40733,81422
MACKAY,MKY,2010,7,19,43626,43804,87430,0,0,0,43626,43804,87430
MACKAY,MKY,2010,8,20,41931,42150,84081,0,0,0,41931,42150,84081
MACKAY,MKY,2010,9,21,46612,46479,93091,0,0,0,46612,46479,93091
MACKAY,MKY,2010,10,22,47386,48552,95938,0,0,0,47386,48552,95938
MACKAY,MKY,2010,11,23,44241,43824,88065,0,0,0,44241,43824,88065
MACKAY,MKY,2010,12,24,44289,47223,91512,0,0,0,44289,47223,91512
MACKAY,MKY,2011,1,25,47185,44254,91439,0,0,0,47185,44254,91439
MACKAY,MKY,2011,2,26,35124,35588,70712,0,0,0,35124,35588,70712
MACKAY,MKY,2011,3,27,43224,42622,85846,0,0,0,43224,42622,85846
MACKAY,MKY,2011,4,28,41760,42414,84174,0,0,0,41760,42414,84174
MACKAY,MKY,2011,5,29,44832,43888,88720,0,0,0,44832,43888,88720
MACKAY,MKY,2011,6,30,43839,44325,88164,0,0,0,43839,44325,88164
MACKAY,MKY,2011,7,31,46913,46668,93581,0,0,0,46913,46668,93581
MACKAY,MKY,2011,8,32,47594,47296,94890,0,0,0,47594,47296,94890
MACKAY,MKY,2011,9,33,48453,49173,97626,0,0,0,48453,49173,97626
MACKAY,MKY,2011,10,34,50403,50341,100744,0,0,0,50403,50341,100744
MACKAY,MKY,2011,11,35,47259,47269,94528,0,0,0,47259,47269,94528
MACKAY,MKY,2011,12,36,43936,48241,92177,0,0,0,43936,48241,92177
MACKAY,MKY,2012,1,37,45112,41376,86488,0,0,0,45112,41376,86488
MACKAY,MKY,2012,2,38,42412,43314,85726,0,0,0,42412,43314,85726
MACKAY,MKY,2012,3,39,46348,47723,94071,0,0,0,46348,47723,94071
MACKAY,MKY,2012,4,40,46513,45629,92142,0,0,0,46513,45629,92142
MACKAY,MKY,2012,5,41,48281,48824,97105,0,0,0,48281,48824,97105
MACKAY,MKY,2012,6,42,48241,48828,97069,0,0,0,48241,48828,97069
MACKAY,MKY,2012,7,43,49974,48864,98838,0,0,0,49974,48864,98838
MACKAY,MKY,2012,8,44,47780,48839,96619,0,0,0,47780,48839,96619
MACKAY,MKY,2012,9,45,47615,48248,95863,0,0,0,47615,48248,95863
MACKAY,MKY,2012,10,46,49865,48668,98533,0,0,0,49865,48668,98533
MACKAY,MKY,2012,11,47,44720,45921,90641,0,0,0,44720,45921,90641
MACKAY,MKY,2012,12,48,44976,48172,93148,0,0,0,44976,48172,93148
MACKAY,MKY,2013,1,49,46854,43565,90419,0,0,0,46854,43565,90419
MACKAY,MKY,2013,2,50,39587,40893,80480,0,0,0,39587,40893,80480
MACKAY,MKY,2013,3,51,45497,46520,92017,0,0,0,45497,46520,92017
MACKAY,MKY,2013,4,52,48044,46532,94576,0,0,0,48044,46532,94576
MACKAY,MKY,2013,5,53,44764,45633,90397,0,0,0,44764,45633,90397
MACKAY,MKY,2013,6,54,47536,46864,94400,0,0,0,47536,46864,94400
MACKAY,MKY,2013,7,55,49174,49064,98238,0,0,0,49174,49064,98238
MACKAY,MKY,2013,8,56,46550,47782,94332,0,0,0,46550,47782,94332
MACKAY,MKY,2013,9,57,46861,45849,92710,0,0,0,46861,45849,92710
MACKAY,MKY,2013,10,58,48466,48596,97062,0,0,0,48466,48596,97062
MACKAY,MKY,2013,11,59,42148,43201,85349,0,0,0,42148,43201,85349
MACKAY,MKY,2013,12,60,45230,47384,92614,0,0,0,45230,47384,92614
MACKAY,MKY,2014,1,61,41690,39182,80872,0,0,0,41690,39182,80872
MACKAY,MKY,2014,2,62,35301,35937,71238,0,0,0,35301,35937,71238
MACKAY,MKY,2014,3,63,41032,40076,81108,0,0,0,41032,40076,81108
MACKAY,MKY,2014,4,64,41485,41149,82634,0,0,0,41485,41149,82634
MACKAY,MKY,2014,5,65,39723,40390,80113,0,0,0,39723,40390,80113
MACKAY,MKY,2014,6,66,38830,38088,76918,0,0,0,38830,38088,76918
MACKAY,MKY,2014,7,67,44033,44582,88615,0,0,0,44033,44582,88615
MACKAY,MKY,2014,8,68,40144,40707,80851,0,0,0,40144,40707,80851
MACKAY,MKY,2014,9,69,41426,40415,81841,0,0,0,41426,40415,81841
MACKAY,MKY,2014,10,70,43221,44844,88065,0,0,0,43221,44844,88065
MACKAY,MKY,2014,11,71,37800,38193,75993,0,0,0,37800,38193,75993
MACKAY,MKY,2014,12,72,39817,41898,81715,0,0,0,39817,41898,81715
MACKAY,MKY,2015,1,73,36231,34321,70552,0,0,0,36231,34321,70552
MACKAY,MKY,2015,2,74,30254,31593,61847,0,0,0,30254,31593,61847
MACKAY,MKY,2015,3,75,38476,36956,75432,0,0,0,38476,36956,75432
MACKAY,MKY,2015,4,76,38188,38030,76218,0,0,0,38188,38030,76218
MACKAY,MKY,2015,5,77,37417,37180,74597,0,0,0,37417,37180,74597
MACKAY,MKY,2015,6,78,36464,36164,72628,0,0,0,36464,36164,72628
MACKAY,MKY,2015,7,79,39916,40450,80366,0,0,0,39916,40450,80366
MACKAY,MKY,2015,8,80,37652,37306,74958,0,0,0,37652,37306,74958
MACKAY,MKY,2015,9,81,36204,36478,72682,0,0,0,36204,36478,72682
MACKAY,MKY,2015,10,82,36013,36482,72495,0,0,0,36013,36482,72495
MACKAY,MKY,2015,11,83,33988,33821,67809,0,0,0,33988,33821,67809
MACKAY,MKY,2015,12,84,33735,35613,69348,0,0,0,33735,35613,69348
MACKAY,MKY,2016,1,85,30454,28859,59313,0,0,0,30454,28859,59313
MACKAY,MKY,2016,2,86,28048,28251,56299,0,0,0,28048,28251,56299
MACKAY,MKY,2016,3,87,33248,33232,66480,0,0,0,33248,33232,66480
MACKAY,MKY,2016,4,88,32759,32306,65065,0,0,0,32759,32306,65065
MACKAY,MKY,2016,5,89,32884,32963,65847,0,0,0,32884,32963,65847
MACKAY,MKY,2016,6,90,31980,32428,64408,0,0,0,31980,32428,64408
MACKAY,MKY,2016,7,91,33613,33546,67159,0,0,0,33613,33546,67159
MACKAY,MKY,2016,8,92,32588,32852,65440,0,0,0,32588,32852,65440
MACKAY,MKY,2016,9,93,32594,33221,65815,0,0,0,32594,33221,65815
MACKAY,MKY,2016,10,94,32954,33473,66427,0,0,0,32954,33473,66427
MACKAY,MKY,2016,11,95,31026,30902,61928,0,0,0,31026,30902,61928
MACKAY,MKY,2016,12,96,31024,32448,63472,0,0,0,31024,32448,63472
MACKAY,MKY,2017,1,97,28407,27492,55899,0,0,0,28407,27492,55899
MACKAY,MKY,2017,2,98,26775,27417,54192,0,0,0,26775,27417,54192
MACKAY,MKY,2017,3,99,27660,28612,56272,0,0,0,27660,28612,56272
MACKAY,MKY,2017,4,100,32546,32692,65238,0,0,0,32546,32692,65238
MACKAY,MKY,2017,5,101,32115,32556,64671,0,0,0,32115,32556,64671
MACKAY,MKY,2017,6,102,32053,32188,64241,0,0,0,32053,32188,64241
MACKAY,MKY,2017,7,103,33542,33361,66903,0,0,0,33542,33361,66903
MACKAY,MKY,2017,8,104,32287,33030,65317,0,0,0,32287,33030,65317
MACKAY,MKY,2017,9,105,34889,35186,70075,0,0,0,34889,35186,70075
MACKAY,MKY,2017,10,106,35292,34648,69940,0,0,0,35292,34648,69940
MACKAY,MKY,2017,11,107,31991,32694,64685,0,0,0,31991,32694,64685
MACKAY,MKY,2017,12,108,31907,33663,65570,0,0,0,31907,33663,65570
MACKAY,MKY,2018,1,109,31550,29835,61385,0,0,0,31550,29835,61385
MACKAY,MKY,2018,2,110,28109,28290,56399,0,0,0,28109,28290,56399
MACKAY,MKY,2018,3,111,33788,34250,68038,0,0,0,33788,34250,68038
MACKAY,MKY,2018,4,112,31371,30937,62308,0,0,0,31371,30937,62308
MACKAY,MKY,2018,5,113,34118,34075,68193,0,0,0,34118,34075,68193
MACKAY,MKY,2018,6,114,32254,32073,64327,0,0,0,32254,32073,64327
MACKAY,MKY,2018,7,115,38841,38656,77497,0,0,0,38841,38656,77497
MACKAY,MKY,2018,8,116,37238,38024,75262,0,0,0,37238,38024,75262
MACKAY,MKY,2018,9,117,34386,34831,69217,0,0,0,34386,34831,69217
MACKAY,MKY,2018,10,118,35683,35066,70749,0,0,0,35683,35066,70749
MACKAY,MKY,2018,11,119,33423,34034,67457,0,0,0,33423,34034,67457
MACKAY,MKY,2018,12,120,32543,34591,67134,0,0,0,32543,34591,67134
MACKAY,MKY,2019,1,121,31850,30538,62388,0,0,0,31850,30538,62388
MACKAY,MKY,2019,2,122,29585,29908,59493,0,0,0,29585,29908,59493
MACKAY,MKY,2019,3,123,33188,33773,66961,0,0,0,33188,33773,66961
MACKAY,MKY,2019,4,124,33365,32740,66105,0,0,0,33365,32740,66105
MACKAY,MKY,2019,5,125,35423,36124,71547,0,0,0,35423,36124,71547
MACKAY,MKY,2019,6,126,34032,33917,67949,0,0,0,34032,33917,67949
MACKAY,MKY,2019,7,127,37760,37019,74779,0,0,0,37760,37019,74779
MACKAY,MKY,2019,8,128,37074,37973,75047,0,0,0,37074,37973,75047
MACKAY,MKY,2019,9,129,37679,37658,75337,0,0,0,37679,37658,75337
MACKAY,MKY,2019,10,130,38439,38581,77020,0,0,0,38439,38581,77020
MACKAY,MKY,2019,11,131,35584,36180,71764,0,0,0,35584,36180,71764
MACKAY,MKY,2019,12,132,35168,37092,72260,0,0,0,35168,37092,72260
MACKAY,MKY,2020,1,133,34227,32672,66899,0,0,0,34227,32672,66899
MACKAY,MKY,2020,2,134,31457,32056,63513,0,0,0,31457,32056,63513
MACKAY,MKY,2020,3,135,26375,24390,50765,0,0,0,26375,24390,50765
MACKAY,MKY,2020,4,136,3428,3753,7181,0,0,0,3428,3753,7181
MACKAY,MKY,2020,5,137,3517,3674,7191,0,0,0,3517,3674,7191
MACKAY,MKY,2020,6,138,8504,8404,16908,0,0,0,8504,8404,16908
MACKAY,MKY,2020,7,139,15694,16265,31959,0,0,0,15694,16265,31959
MACKAY,MKY,2020,8,140,15570,15854,31424,0,0,0,15570,15854,31424
MACKAY,MKY,2020,9,141,17673,17700,35373,0,0,0,17673,17700,35373
MACKAY,MKY,2020,10,142,20175,21086,41261,0,0,0,20175,21086,41261
MACKAY,MKY,2020,11,143,22748,22440,45188,0,0,0,22748,22440,45188
MACKAY,MKY,2020,12,144,26244,27338,53582,0,0,0,26244,27338,53582
MACKAY,MKY,2021,1,145,20817,20329,41146,0,0,0,20817,20329,41146
MACKAY,MKY,2021,2,146,22827,22922,45749,0,0,0,22827,22922,45749
MACKAY,MKY,2021,3,147,28950,28178,57128,0,0,0,28950,28178,57128
MACKAY,MKY,2021,4,148,29392,29525,58917,0,0,0,29392,29525,58917
MACKAY,MKY,2021,5,149,33407,32991,66398,0,0,0,33407,32991,66398
MACKAY,MKY,2021,6,150,31806,31349,63155,0,0,0,31806,31349,63155
MACKAY,MKY,2021,7,151,26205,26675,52880,0,0,0,26205,26675,52880
MACKAY,MKY,2021,8,152,18309,18095,36404,0,0,0,18309,18095,36404
MACKAY,MKY,2021,9,153,27786,27921,55707,0,0,0,27786,27921,55707
MACKAY,MKY,2021,10,154,26940,27633,54573,0,0,0,26940,27633,54573
MACKAY,MKY,2021,11,155,28231,27476,55707,0,0,0,28231,27476,55707
MACKAY,MKY,2021,12,156,29251,30472,59723,0,0,0,29251,30472,59723
MACKAY,MKY,2022,1,157,21505,20304,41809,0,0,0,21505,20304,41809
MACKAY,MKY,2022,2,158,21200,21624,42824,0,0,0,21200,21624,42824
MACKAY,MKY,2022,3,159,29888,30223,60111,0,0,0,29888,30223,60111
MACKAY,MKY,2022,4,160,35758,36248,72006,0,0,0,35758,36248,72006
MACKAY,MKY,2022,5,161,36770,36153,72923,0,0,0,36770,36153,72923
MACKAY,MKY,2022,6,162,38676,38928,77604,0,0,0,38676,38928,77604
MACKAY,MKY,2022,7,163,38743,39542,78285,0,0,0,38743,39542,78285
MACKAY,MKY,2022,8,164,38115,38071,76186,0,0,0,38115,38071,76186
MACKAY,MKY,2022,9,165,38033,39124,77157,0,0,0,38033,39124,77157
MACKAY,MKY,2022,10,166,38857,38747,77604,0,0,0,38857,38747,77604
MACKAY,MKY,2022,11,167,38366,38712,77078,0,0,0,38366,38712,77078
MACKAY,MKY,2022,12,168,34580,36537,71117,0,0,0,34580,36537,71117
MACKAY,MKY,2023,1,169,33415,31430,64845,0,0,0,33415,31430,64845
MACKAY,MKY,2023,2,170,32305,32930,65235,0,0,0,32305,32930,65235
MACKAY,MKY,2023,3,171,38325,39130,77455,0,0,0,38325,39130,77455
MACKAY,MKY,2023,4,172,35628,35865,71493,0,0,0,35628,35865,71493
MACKAY,MKY,2023,5,173,38687,37989,76676,0,0,0,38687,37989,76676
MACKAY,MKY,2023,6,174,37983,39085,77068,0,0,0,37983,39085,77068
MACKAY,MKY,2023,7,175,39853,39438,79291,0,0,0,39853,39438,79291
MACKAY,MKY,2023,8,176,39478,40206,79684,0,0,0,39478,40206,79684
MACKAY,MKY,2023,9,177,40959,41124,82083,0,0,0,40959,41124,82083
MACKAY,MKY,2023,10,178,40467,40500,80967,0,0,0,40467,40500,80967
MACKAY,MKY,2023,11,179,39453,40720,80173,0,0,0,39453,40720,80173
MACKAY,MKY,2023,12,180,36112,38302,74414,0,0,0,36112,38302,74414
MACKAY,MKY,2024,1,181,32951,30481,63432,0,0,0,32951,30481,63432
MACKAY,MKY,2024,2,182,34796,35422,70218,0,0,0,34796,35422,70218
MACKAY,MKY,2024,3,183,37952,38156,76108,0,0,0,37952,38156,76108
MACKAY,MKY,2024,4,184,37306,36462,73768,0,0,0,37306,36462,73768
MACKAY,MKY,2024,5,185,38516,39266,77782,0,0,0,38516,39266,77782
MACKAY,MKY,2024,6,186,36662,37129,73791,0,0,0,36662,37129,73791
MACKAY,MKY,2024,7,187,41060,40679,81739,0,0,0,41060,40679,81739
MACKAY,MKY,2024,8,188,38899,39694,78593,0,0,0,38899,39694,78593
MACKAY,MKY,2024,9,189,39439,39714,79153,0,0,0,39439,39714,79153
MACKAY,MKY,2024,10,190,38680,39795,78475,0,0,0,38680,39795,78475
MACKAY,MKY,2024,11,191,37635,38306,75941,0,0,0,37635,38306,75941
MACKAY,MKY,2024,12,192,34565,36745,71310,0,0,0,34565,36745,71310
MACKAY,MKY,2025,1,193,34902,33457,68359,0,0,0,34902,33457,68359
MACKAY,MKY,2025,2,194,31681,32756,64437,0,0,0,31681,32756,64437
MACKAY,MKY,2025,3,195,35115,34350,69465,0,0,0,35115,34350,69465
MACKAY,MKY,2025,4,196,38319,38414,76733,0,0,0,38319,38414,76733
MACKAY,MKY,2025,5,197,39437,40074,79511,0,0,0,39437,40074,79511
MACKAY,MKY,2025,6,198,39371,39268,78639,0,0,0,39371,39268,78639
MELBOURNE,MEL,2009,1,1,856085,833050,1689135,252477,212009,464486,1108562,1045059,2153621
MELBOURNE,MEL,2009,2,2,746205,739743,1485948,210713,168227,378940,956918,907970,1864888
MELBOURNE,MEL,2009,3,3,845636,852062,1697698,202276,196643,398919,1047912,1048705,2096617
MELBOURNE,MEL,2009,4,4,829998,819781,1649779,204299,208083,412382,1034297,1027864,2062161
MELBOURNE,MEL,2009,5,5,776173,775039,1551212,173774,197709,371483,949947,972748,1922695
MELBOURNE,MEL,2009,6,6,721727,758140,1479867,178162,218630,396792,899889,976770,1876659
MELBOURNE,MEL,2009,7,7,837988,809609,1647597,240001,197523,437524,1077989,1007132,2085121
MELBOURNE,MEL,2009,8,8,823229,827693,1650922,203480,205689,409169,1026709,1033382,2060091
MELBOURNE,MEL,2009,9,9,835205,851672,1686877,219950,222581,442531,1055155,1074253,2129408
MELBOURNE,MEL,2009,10,10,898516,877825,1776341,249880,207089,456969,1148396,1084914,2233310
MELBOURNE,MEL,2009,11,11,871745,868621,1740366,218576,228831,447407,1090321,1097452,2187773
MELBOURNE,MEL,2009,12,12,840898,858578,1699476,234725,279025,513750,1075623,1137603,2213226
MELBOURNE,MEL,2010,1,13,857377,826363,1683740,284826,243684,528510,1142203,1070047,2212250
MELBOURNE,MEL,2010,2,14,802637,808660,1611297,243752,204449,448201,1046389,1013109,2059498
MELBOURNE,MEL,2010,3,15,905092,921247,1826339,231673,239252,470925,1136765,1160499,2297264
MELBOURNE,MEL,2010,4,16,896389,873538,1769927,220800,219940,440740,1117189,1093478,2210667
MELBOURNE,MEL,2010,5,17,840775,841892,1682667,188710,221202,409912,1029485,1063094,2092579
MELBOURNE,MEL,2010,6,18,819152,851471,1670623,208773,257409,466182,1027925,1108880,2136805
MELBOURNE,MEL,2010,7,19,944778,913028,1857806,283636,231976,515612,1228414,1145004,2373418
MELBOURNE,MEL,2010,8,20,913529,920169,1833698,231395,241959,473354,1144924,1162128,2307052
MELBOURNE,MEL,2010,9,21,935099,941432,1876531,255664,259528,515192,1190763,1200960,2391723
MELBOURNE,MEL,2010,10,22,981550,974228,1955778,286793,239495,526288,1268343,1213723,2482066
MELBOURNE,MEL,2010,11,23,936055,926714,1862769,240786,250417,491203,1176841,1177131,2353972
MELBOURNE,MEL,2010,12,24,933226,957852,1891078,265242,321150,586392,1198468,1279002,2477470
MELBOURNE,MEL,2011,1,25,932364,895173,1827537,336970,290873,627843,1269334,1186046,2455380
MELBOURNE,MEL,2011,2,26,807515,802662,1610177,274243,220878,495121,1081758,1023540,2105298
MELBOURNE,MEL,2011,3,27,928617,924483,1853100,243754,237994,481748,1172371,1162477,2334848
MELBOURNE,MEL,2011,4,28,915423,915413,1830836,250130,274680,524810,1165553,1190093,2355646
MELBOURNE,MEL,2011,5,29,872415,876279,1748694,230962,247707,478669,1103377,1123986,2227363
MELBOURNE,MEL,2011,6,30,797066,804285,1601351,223865,273382,497247,1020931,1077667,2098598
MELBOURNE,MEL,2011,7,31,907802,900980,1808782,309728,262089,571817,1217530,1163069,2380599
MELBOURNE,MEL,2011,8,32,875410,876729,1752139,259446,261977,521423,1134856,1138706,2273562
MELBOURNE,MEL,2011,9,33,862222,882369,1744591,263756,282047,545803,1125978,1164416,2290394
MELBOURNE,MEL,2011,10,34,933886,910870,1844756,306328,247114,553442,1240214,1157984,2398198
MELBOURNE,MEL,2011,11,35,903717,890863,1794580,267990,269556,537546,1171707,1160419,2332126
MELBOURNE,MEL,2011,12,36,879421,910582,1790003,281266,344223,625489,1160687,1254805,2415492
MELBOURNE,MEL,2012,1,37,926139,886181,1812320,354018,306119,660137,1280157,1192300,2472457
MELBOURNE,MEL,2012,2,38,830879,821103,1651982,291804,232419,524223,1122683,1053522,2176205
MELBOURNE,MEL,2012,3,39,932200,936193,1868393,268269,279024,547293,1200469,1215217,2415686
MELBOURNE,MEL,2012,4,40,897991,892848,1790839,266969,271006,537975,1164960,1163854,2328814
MELBOURNE,MEL,2012,5,41,874047,871643,1745690,230069,259264,489333,1104116,1130907,2235023
MELBOURNE,MEL,2012,6,42,836515,858023,1694538,248038,295361,543399,1084553,1153384,2237937
MELBOURNE,MEL,2012,7,43,953894,944955,1898849,316164,261920,578084,1270058,1206875,2476933
MELBOURNE,MEL,2012,8,44,935216,929624,1864840,271345,275906,547251,1206561,1205530,2412091
MELBOURNE,MEL,2012,9,45,931489,954733,1886222,284472,291959,576431,1215961,1246692,2462653
MELBOURNE,MEL,2012,10,46,1002582,981939,1984521,323971,261191,585162,1326553,1243130,2569683
MELBOURNE,MEL,2012,11,47,1003285,988212,1991497,281637,289422,571059,1284922,1277634,2562556
MELBOURNE,MEL,2012,12,48,939234,969425,1908659,302814,356081,658895,1242048,1325506,2567554
MELBOURNE,MEL,2013,1,49,980802,928327,1909129,363773,309819,673592,1344575,1238146,2582721
MELBOURNE,MEL,2013,2,50,857315,842347,1699662,290165,245270,535435,1147480,1087617,2235097
MELBOURNE,MEL,2013,3,51,958278,995662,1953940,284291,298294,582585,1242569,1293956,2536525
MELBOURNE,MEL,2013,4,52,957148,924505,1881653,284224,278932,563156,1241372,1203437,2444809
MELBOURNE,MEL,2013,5,53,889504,893160,1782664,247987,284390,532377,1137491,1177550,2315041
MELBOURNE,MEL,2013,6,54,861377,881739,1743116,266815,316664,583479,1128192,1198403,2326595
MELBOURNE,MEL,2013,7,55,1027044,1007540,2034584,350003,299718,649721,1377047,1307258,2684305
MELBOURNE,MEL,2013,8,56,978746,973072,1951818,309206,314962,624168,1287952,1288034,2575986
MELBOURNE,MEL,2013,9,57,944229,957575,1901804,308437,314280,622717,1252666,1271855,2524521
MELBOURNE,MEL,2013,10,58,1042381,1027168,2069549,347223,277637,624860,1389604,1304805,2694409
MELBOURNE,MEL,2013,11,59,993447,978633,1972080,297331,296101,593432,1290778,1274734,2565512
MELBOURNE,MEL,2013,12,60,990722,1017563,2008285,334315,392306,726621,1325037,1409869,2734906
MELBOURNE,MEL,2014,1,61,1015397,972715,1988112,405925,345753,751678,1421322,1318468,2739790
MELBOURNE,MEL,2014,2,62,879950,874523,1754473,317446,271754,589200,1197396,1146277,2343673
MELBOURNE,MEL,2014,3,63,982380,989492,1971872,298547,301050,599597,1280927,1290542,2571469
MELBOURNE,MEL,2014,4,64,970657,965801,1936458,314516,330983,645499,1285173,1296784,2581957
MELBOURNE,MEL,2014,5,65,919075,914120,1833195,288008,311686,599694,1207083,1225806,2432889
MELBOURNE,MEL,2014,6,66,883595,924070,1807665,283842,355095,638937,1167437,1279165,2446602
MELBOURNE,MEL,2014,7,67,1022903,993072,2015975,396854,328613,725467,1419757,1321685,2741442
MELBOURNE,MEL,2014,8,68,979763,975378,1955141,323724,340678,664402,1303487,1316056,2619543
MELBOURNE,MEL,2014,9,69,966478,975178,1941656,337512,339350,676862,1303990,1314528,2618518
MELBOURNE,MEL,2014,10,70,1084809,1063726,2148535,381908,312662,694570,1466717,1376388,2843105
MELBOURNE,MEL,2014,11,71,1001601,994496,1996097,328293,335780,664073,1329894,1330276,2660170
MELBOURNE,MEL,2014,12,72,994717,1020431,2015148,355406,417081,772487,1350123,1437512,2787635
MELBOURNE,MEL,2015,1,73,1004854,948075,1952929,438126,370081,808207,1442980,1318156,2761136
MELBOURNE,MEL,2015,2,74,900984,891650,1792634,365109,313219,678328,1266093,1204869,2470962
MELBOURNE,MEL,2015,3,75,1005878,1039069,2044947,345323,371197,716520,1351201,1410266,2761467
MELBOURNE,MEL,2015,4,76,996733,964471,1961204,340239,344512,684751,1336972,1308983,2645955
MELBOURNE,MEL,2015,5,77,936622,936219,1872841,302738,334198,636936,1239360,1270417,2509777
MELBOURNE,MEL,2015,6,78,892847,934705,1827552,308765,379573,688338,1201612,1314278,2515890
MELBOURNE,MEL,2015,7,79,1088788,1042230,2131018,420433,358670,779103,1509221,1400900,2910121
MELBOURNE,MEL,2015,8,80,987007,994987,1981994,363372,369533,732905,1350379,1364520,2714899
MELBOURNE,MEL,2015,9,81,1003849,1002529,2006378,373604,370822,744426,1377453,1373351,2750804
MELBOURNE,MEL,2015,10,82,1087942,1081715,2169657,422440,352894,775334,1510382,1434609,2944991
MELBOURNE,MEL,2015,11,83,1040806,1038007,2078813,369057,367768,736825,1409863,1405775,2815638
MELBOURNE,MEL,2015,12,84,1042951,1067979,2110930,408817,468826,877643,1451768,1536805,2988573
MELBOURNE,MEL,2016,1,85,1054336,987466,2041802,479446,415848,895294,1533782,1403314,2937096
MELBOURNE,MEL,2016,2,86,962294,958670,1920964,409332,354902,764234,1371626,1313572,2685198
MELBOURNE,MEL,2016,3,87,1040159,1071754,2111913,375712,400070,775782,1415871,1471824,2887695
MELBOURNE,MEL,2016,4,88,1034619,975844,2010463,377543,363931,741474,1412162,1339775,2751937
MELBOURNE,MEL,2016,5,89,965286,979592,1944878,329015,361483,690498,1294301,1341075,2635376
MELBOURNE,MEL,2016,6,90,934008,983208,1917216,344024,421392,765416,1278032,1404600,2682632
MELBOURNE,MEL,2016,7,91,1099867,1051762,2151629,473996,402026,876022,1573863,1453788,3027651
MELBOURNE,MEL,2016,8,92,1007425,1007861,2015286,387190,393644,780834,1394615,1401505,2796120
MELBOURNE,MEL,2016,9,93,1059435,1055705,2115140,407615,395718,803333,1467050,1451423,2918473
MELBOURNE,MEL,2016,10,94,1093450,1100268,2193718,439964,373475,813439,1533414,1473743,3007157
MELBOURNE,MEL,2016,11,95,1081488,1066390,2147878,386213,394006,780219,1467701,1460396,2928097
MELBOURNE,MEL,2016,12,96,1063853,1097863,2161716,444950,511091,956041,1508803,1608954,3117757
MELBOURNE,MEL,2017,1,97,1090953,1037134,2128087,523394,456706,980100,1614347,1493840,3108187
MELBOURNE,MEL,2017,2,98,936529,925300,1861829,424162,354176,778338,1360691,1279476,2640167
MELBOURNE,MEL,2017,3,99,1067607,1069795,2137402,388096,397069,785165,1455703,1466864,2922567
MELBOURNE,MEL,2017,4,100,1046704,1038005,2084709,421407,426800,848207,1468111,1464805,2932916
MELBOURNE,MEL,2017,5,101,982991,993236,1976227,355754,384545,740299,1338745,1377781,2716526
MELBOURNE,MEL,2017,6,102,966297,988130,1954427,368104,439357,807461,1334401,1427487,2761888
MELBOURNE,MEL,2017,7,103,1109391,1101270,2210661,498958,427923,926881,1608349,1529193,3137542
MELBOURNE,MEL,2017,8,104,1032519,1026705,2059224,417818,422697,840515,1450337,1449402,2899739
MELBOURNE,MEL,2017,9,105,1047892,1061680,2109572,428355,438578,866933,1476247,1500258,2976505
MELBOURNE,MEL,2017,10,106,1156852,1133498,2290350,486720,396510,883230,1643572,1530008,3173580
MELBOURNE,MEL,2017,11,107,1115131,1106079,2221210,419680,431707,851387,1534811,1537786,3072597
MELBOURNE,MEL,2017,12,108,1083418,1118622,2202040,478099,537167,1015266,1561517,1655789,3217306
MELBOURNE,MEL,2018,1,109,1109308,1061660,2170968,547626,473098,1020724,1656934,1534758,3191692
MELBOURNE,MEL,2018,2,110,968029,959519,1927548,469329,401858,871187,1437358,1361377,2798735
MELBOURNE,MEL,2018,3,111,1098311,1128272,2226583,445563,464345,909908,1543874,1592617,3136491
MELBOURNE,MEL,2018,4,112,1084246,1051772,2136018,453020,441242,894262,1537266,1493014,3030280
MELBOURNE,MEL,2018,5,113,1000156,1007655,2007811,387395,413425,800820,1387551,1421080,2808631
MELBOURNE,MEL,2018,6,114,962605,1010009,1972614,410590,492367,902957,1373195,1502376,2875571
MELBOURNE,MEL,2018,7,115,1149198,1116250,2265448,538582,455634,994216,1687780,1571884,3259664
MELBOURNE,MEL,2018,8,116,1074421,1068580,2143001,464566,473550,938116,1538987,1542130,3081117
MELBOURNE,MEL,2018,9,117,1057707,1073931,2131638,471762,479739,951501,1529469,1553670,3083139
MELBOURNE,MEL,2018,10,118,1166132,1142931,2309063,523788,436520,960308,1689920,1579451,3269371
MELBOURNE,MEL,2018,11,119,1117298,1107531,2224829,461965,473126,935091,1579263,1580657,3159920
MELBOURNE,MEL,2018,12,120,1066835,1110389,2177224,481836,562958,1044794,1548671,1673347,3222018
MELBOURNE,MEL,2019,1,121,1121723,1066341,2188064,568799,501288,1070087,1690522,1567629,3258151
MELBOURNE,MEL,2019,2,122,981359,971364,1952723,483548,405796,889344,1464907,1377160,2842067
MELBOURNE,MEL,2019,3,123,1086603,1092582,2179185,441993,443824,885817,1528596,1536406,3065002
MELBOURNE,MEL,2019,4,124,1087004,1087168,2174172,454777,480480,935257,1541781,1567648,3109429
MELBOURNE,MEL,2019,5,125,1010459,1006610,2017069,414406,429113,843519,1424865,1435723,2860588
MELBOURNE,MEL,2019,6,126,944965,1000243,1945208,413493,488023,901516,1358458,1488266,2846724
MELBOURNE,MEL,2019,7,127,1142322,1109884,2252206,532482,460719,993201,1674804,1570603,3245407
MELBOURNE,MEL,2019,8,128,1080083,1074712,2154795,469163,473554,942717,1549246,1548266,3097512
MELBOURNE,MEL,2019,9,129,1069451,1092161,2161612,459116,468307,927423,1528567,1560468,3089035
MELBOURNE,MEL,2019,10,130,1187346,1159072,2346418,504030,427549,931579,1691376,1586621,3277997
MELBOURNE,MEL,2019,11,131,1122505,1098922,2221427,460493,466560,927053,1582998,1565482,3148480
MELBOURNE,MEL,2019,12,132,1084222,1138546,2222768,495779,575352,1071131,1580001,1713898,3293899
MELBOURNE,MEL,2020,1,133,1116371,1053603,2169974,581276,514803,1096079,1697647,1568406,3266053
MELBOURNE,MEL,2020,2,134,921157,934726,1855883,408642,334254,742896,1329799,1268980,2598779
MELBOURNE,MEL,2020,3,135,624922,619391,1244313,244268,227490,471758,869190,846881,1716071
MELBOURNE,MEL,2020,4,136,20061,21697,41758,5448,12355,17803,25509,34052,59561
MELBOURNE,MEL,2020,5,137,29128,28400,57528,5643,9003,14646,34771,37403,72174
MELBOURNE,MEL,2020,6,138,60190,62328,122518,6431,9456,15887,66621,71784,138405
MELBOURNE,MEL,2020,7,139,29537,31636,61173,49,12705,12754,29586,44341,73927
MELBOURNE,MEL,2020,8,140,6854,13444,20298,0,14761,14761,6854,28205,35059
MELBOURNE,MEL,2020,9,141,8430,14941,23371,0,12320,12320,8430,27261,35691
MELBOURNE,MEL,2020,10,142,12720,14654,27374,0,10603,10603,12720,25257,37977
MELBOURNE,MEL,2020,11,143,48680,50242,98922,511,8346,8857,49191,58588,107779
MELBOURNE,MEL,2020,12,144,340896,398933,739829,5098,10989,16087,345994,409922,755916
MELBOURNE,MEL,2021,1,145,338480,286543,625023,6753,10340,17093,345233,296883,642116
MELBOURNE,MEL,2021,2,146,207398,195779,403177,3119,8122,11241,210517,203901,414418
MELBOURNE,MEL,2021,3,147,479091,494543,973634,1798,8153,9951,480889,502696,983585
MELBOURNE,MEL,2021,4,148,702091,692032,1394123,10375,16770,27145,712466,708802,1421268
MELBOURNE,MEL,2021,5,149,599667,601938,1201605,25732,24656,50388,625399,626594,1251993
MELBOURNE,MEL,2021,6,150,152189,168931,321120,10613,14502,25115,162802,183433,346235
MELBOURNE,MEL,2021,7,151,225224,184414,409638,22227,26795,49022,247451,211209,458660
MELBOURNE,MEL,2021,8,152,33142,25526,58668,3681,8033,11714,36823,33559,70382
MELBOURNE,MEL,2021,9,153,15886,15063,30949,2201,7918,10119,18087,22981,41068
MELBOURNE,MEL,2021,10,154,21168,15719,36887,2111,9855,11966,23279,25574,48853
MELBOURNE,MEL,2021,11,155,165347,169714,335061,19788,25339,45127,185135,195053,380188
MELBOURNE,MEL,2021,12,156,451517,522284,973801,64060,63649,127709,515577,585933,1101510
MELBOURNE,MEL,2022,1,157,571917,515075,1086992,84811,58865,143676,656728,573940,1230668
MELBOURNE,MEL,2022,2,158,496393,503676,1000069,89738,54225,143963,586131,557901,1144032
MELBOURNE,MEL,2022,3,159,753316,751571,1504887,107926,95493,203419,861242,847064,1708306
MELBOURNE,MEL,2022,4,160,958109,966159,1924268,157741,163915,321656,1115850,1130074,2245924
MELBOURNE,MEL,2022,5,161,861600,868868,1730468,182478,180486,362964,1044078,1049354,2093432
MELBOURNE,MEL,2022,6,162,886863,942296,1829159,211256,253957,465213,1098119,1196253,2294372
MELBOURNE,MEL,2022,7,163,980671,937906,1918577,318139,273435,591574,1298810,1211341,2510151
MELBOURNE,MEL,2022,8,164,871004,884415,1755419,289587,260606,550193,1160591,1145021,2305612
MELBOURNE,MEL,2022,9,165,942733,938395,1881128,300395,284303,584698,1243128,1222698,2465826
MELBOURNE,MEL,2022,10,166,962271,980846,1943117,335167,273556,608723,1297438,1254402,2551840
MELBOURNE,MEL,2022,11,167,949257,930494,1879751,333340,322667,656007,1282597,1253161,2535758
MELBOURNE,MEL,2022,12,168,918537,937459,1855996,353353,422088,775441,1271890,1359547,2631437
MELBOURNE,MEL,2023,1,169,951384,924241,1875625,445135,385246,830381,1396519,1309487,2706006
MELBOURNE,MEL,2023,2,170,821901,821353,1643254,381441,282806,664247,1203342,1104159,2307501
MELBOURNE,MEL,2023,3,171,997609,978577,1976186,370815,352659,723474,1368424,1331236,2699660
MELBOURNE,MEL,2023,4,172,948194,972933,1921127,380077,397622,777699,1328271,1370555,2698826
MELBOURNE,MEL,2023,5,173,919970,928001,1847971,356854,382672,739526,1276824,1310673,2587497
MELBOURNE,MEL,2023,6,174,891770,939062,1830832,376556,443993,820549,1268326,1383055,2651381
MELBOURNE,MEL,2023,7,175,1009111,981811,1990922,499513,416165,915678,1508624,1397976,2906600
MELBOURNE,MEL,2023,8,176,972529,981256,1953785,430491,418894,849385,1403020,1400150,2803170
MELBOURNE,MEL,2023,9,177,1003307,988183,1991490,453183,438763,891946,1456490,1426946,2883436
MELBOURNE,MEL,2023,10,178,1040251,1061215,2101466,481237,403512,884749,1521488,1464727,2986215
MELBOURNE,MEL,2023,11,179,1040114,1028416,2068530,434191,441269,875460,1474305,1469685,2943990
MELBOURNE,MEL,2023,12,180,997117,1032298,2029415,471322,557543,1028865,1468439,1589841,3058280
MELBOURNE,MEL,2024,1,181,1031539,999175,2030714,596727,486240,1082967,1628266,1485415,3113681
MELBOURNE,MEL,2024,2,182,959745,964951,1924696,505353,406356,911709,1465098,1371307,2836405
MELBOURNE,MEL,2024,3,183,1018694,1056796,2075490,443524,468982,912506,1462218,1525778,2987996
MELBOURNE,MEL,2024,4,184,1012617,979522,1992139,447712,432555,880267,1460329,1412077,2872406
MELBOURNE,MEL,2024,5,185,941908,950149,1892057,393502,425979,819481,1335410,1376128,2711538
MELBOURNE,MEL,2024,6,186,898479,930401,1828880,422064,497667,919731,1320543,1428068,2748611
MELBOURNE,MEL,2024,7,187,1025230,1004008,2029238,541813,454904,996717,1567043,1458912,3025955
MELBOURNE,MEL,2024,8,188,974574,976881,1951455,457352,464979,922331,1431926,1441860,2873786
MELBOURNE,MEL,2024,9,189,990948,1014630,2005578,478422,498163,976585,1469370,1512793,2982163
MELBOURNE,MEL,2024,10,190,1089673,1061218,2150891,529782,440179,969961,1619455,1501397,3120852
MELBOURNE,MEL,2024,11,191,1037770,1029025,2066795,465419,484580,949999,1503189,1513605,3016794
MELBOURNE,MEL,2024,12,192,1025797,1050246,2076043,517804,635978,1153782,1543601,1686224,3229825
MELBOURNE,MEL,2025,1,193,1083639,1047675,2131314,677817,575267,1253084,1761456,1622942,3384398
MELBOURNE,MEL,2025,2,194,886247,898423,1784670,528877,409925,938802,1415124,1308348,2723472
MELBOURNE,MEL,2025,3,195,988838,1001238,1990076,468957,462316,931273,1457795,1463554,2921349
MELBOURNE,MEL,2025,4,196,1032849,1029293,2062142,493707,528917,1022624,1526556,1558210,3084766
MELBOURNE,MEL,2025,5,197,953304,956905,1910209,449863,460578,910441,1403167,1417483,2820650
MELBOURNE,MEL,2025,6,198,911611,928846,1840457,438513,499735,938248,1350124,1428581,2778705
NEWCASTLE,NTL,2009,1,1,51819,51575,103394,0,0,0,51819,51575,103394
NEWCASTLE,NTL,2009,2,2,43177,42024,85201,0,0,0,43177,42024,85201
NEWCASTLE,NTL,2009,3,3,49738,48281,98019,0,0,0,49738,48281,98019
NEWCASTLE,NTL,2009,4,4,49517,48395,97912,0,0,0,49517,48395,97912
NEWCASTLE,NTL,2009,5,5,47721,47047,94768,0,0,0,47721,47047,94768
NEWCASTLE,NTL,2009,6,6,43145,41421,84566,0,0,0,43145,41421,84566
NEWCASTLE,NTL,2009,7,7,48327,48162,96489,0,0,0,48327,48162,96489
NEWCASTLE,NTL,2009,8,8,47565,46462,94027,0,0,0,47565,46462,94027
NEWCASTLE,NTL,2009,9,9,47397,45893,93290,0,0,0,47397,45893,93290
NEWCASTLE,NTL,2009,10,10,51128,49831,100959,0,0,0,51128,49831,100959
NEWCASTLE,NTL,2009,11,11,48469,47832,96301,0,0,0,48469,47832,96301
NEWCASTLE,NTL,2009,12,12,47540,45271,92811,0,0,0,47540,45271,92811
NEWCASTLE,NTL,2010,1,13,45797,45624,91421,0,0,0,45797,45624,91421
NEWCASTLE,NTL,2010,2,14,42718,41936,84654,0,0,0,42718,41936,84654
NEWCASTLE,NTL,2010,3,15,50078,48621,98699,0,0,0,50078,48621,98699
NEWCASTLE,NTL,2010,4,16,48456,48416,96872,0,0,0,48456,48416,96872
NEWCASTLE,NTL,2010,5,17,46530,45764,92294,0,0,0,46530,45764,92294
NEWCASTLE,NTL,2010,6,18,45458,44159,89617,0,0,0,45458,44159,89617
NEWCASTLE,NTL,2010,7,19,50443,51540,101983,0,0,0,50443,51540,101983
NEWCASTLE,NTL,2010,8,20,49383,48098,97481,0,0,0,49383,48098,97481
NEWCASTLE,NTL,2010,9,21,50720,51415,102135,0,0,0,50720,51415,102135
NEWCASTLE,NTL,2010,10,22,56398,55577,111975,0,0,0,56398,55577,111975
NEWCASTLE,NTL,2010,11,23,53477,54025,107502,0,0,0,53477,54025,107502
NEWCASTLE,NTL,2010,12,24,57032,54344,111376,0,0,0,57032,54344,111376
NEWCASTLE,NTL,2011,1,25,52920,52748,105668,0,0,0,52920,52748,105668
NEWCASTLE,NTL,2011,2,26,43956,44185,88141,0,0,0,43956,44185,88141
NEWCASTLE,NTL,2011,3,27,50812,51146,101958,0,0,0,50812,51146,101958
NEWCASTLE,NTL,2011,4,28,50766,50560,101326,0,0,0,50766,50560,101326
NEWCASTLE,NTL,2011,5,29,47891,48428,96319,0,0,0,47891,48428,96319
NEWCASTLE,NTL,2011,6,30,42562,42876,85438,0,0,0,42562,42876,85438
NEWCASTLE,NTL,2011,7,31,50065,50800,100865,0,0,0,50065,50800,100865
NEWCASTLE,NTL,2011,8,32, 49 591, 49 141, 98 732,0,0,0,49591,49141,98732
NEWCASTLE,NTL,2011,9,33,50244,51041,101285,0,0,0,50244,51041,101285
NEWCASTLE,NTL,2011,10,34,54573,54387,108960,0,0,0,54573,54387,108960
NEWCASTLE,NTL,2011,11,35,50645,51015,101660,0,0,0,50645,51015,101660
NEWCASTLE,NTL,2011,12,36,51083,49724,100807,0,0,0,51083,49724,100807
NEWCASTLE,NTL,2012,1,37,49790,51020,100810,0,0,0,49790,51020,100810
NEWCASTLE,NTL,2012,2,38,45246,45691,90937,0,0,0,45246,45691,90937
NEWCASTLE,NTL,2012,3,39,52116,51954,104070,0,0,0,52116,51954,104070
NEWCASTLE,NTL,2012,4,40,48292,48472,96764,0,0,0,48292,48472,96764
NEWCASTLE,NTL,2012,5,41,49194,49299,98493,0,0,0,49194,49299,98493
NEWCASTLE,NTL,2012,6,42,45024,45769,90793,0,0,0,45024,45769,90793
NEWCASTLE,NTL,2012,7,43,49547,49194,98741,0,0,0,49547,49194,98741
NEWCASTLE,NTL,2012,8,44,47917,48401,96318,0,0,0,47917,48401,96318
NEWCASTLE,NTL,2012,9,45,49514,50569,100083,0,0,0,49514,50569,100083
NEWCASTLE,NTL,2012,10,46,52465,52025,104490,0,0,0,52465,52025,104490
NEWCASTLE,NTL,2012,11,47,51326,51672,102998,0,0,0,51326,51672,102998
NEWCASTLE,NTL,2012,12,48,50780,49146,99926,0,0,0,50780,49146,99926
NEWCASTLE,NTL,2013,1,49,48720,49719,98439,0,0,0,48720,49719,98439
NEWCASTLE,NTL,2013,2,50,43551,44133,87684,0,0,0,43551,44133,87684
NEWCASTLE,NTL,2013,3,51,51331,50302,101633,0,0,0,51331,50302,101633
NEWCASTLE,NTL,2013,4,52,50378,51919,102297,0,0,0,50378,51919,102297
NEWCASTLE,NTL,2013,5,53,47199,47472,94671,0,0,0,47199,47472,94671
NEWCASTLE,NTL,2013,6,54,45361,45416,90777,0,0,0,45361,45416,90777
NEWCASTLE,NTL,2013,7,55,51960,52133,104093,0,0,0,51960,52133,104093
NEWCASTLE,NTL,2013,8,56,50219,50413,100632,0,0,0,50219,50413,100632
NEWCASTLE,NTL,2013,9,57,51392,52515,103907,0,0,0,51392,52515,103907
NEWCASTLE,NTL,2013,10,58,54572,54561,109133,0,0,0,54572,54561,109133
NEWCASTLE,NTL,2013,11,59,54211,53566,107777,0,0,0,54211,53566,107777
NEWCASTLE,NTL,2013,12,60,53282,52192,105474,0,0,0,53282,52192,105474
NEWCASTLE,NTL,2014,1,61,50137,51529,101666,0,0,0,50137,51529,101666
NEWCASTLE,NTL,2014,2,62,42668,43461,86129,0,0,0,42668,43461,86129
NEWCASTLE,NTL,2014,3,63,50262,50391,100653,0,0,0,50262,50391,100653
NEWCASTLE,NTL,2014,4,64,47587,47954,95541,0,0,0,47587,47954,95541
NEWCASTLE,NTL,2014,5,65,46954,47987,94941,0,0,0,46954,47987,94941
NEWCASTLE,NTL,2014,6,66,45169,45097,90266,0,0,0,45169,45097,90266
NEWCASTLE,NTL,2014,7,67,50510,51019,101529,0,0,0,50510,51019,101529
NEWCASTLE,NTL,2014,8,68,48803,48481,97284,0,0,0,48803,48481,97284
NEWCASTLE,NTL,2014,9,69,49730,50530,100260,0,0,0,49730,50530,100260
NEWCASTLE,NTL,2014,10,70,53687,53479,107166,0,0,0,53687,53479,107166
NEWCASTLE,NTL,2014,11,71,48507,48757,97264,0,0,0,48507,48757,97264
NEWCASTLE,NTL,2014,12,72,48887,46957,95844,0,0,0,48887,46957,95844
NEWCASTLE,NTL,2015,1,73,45820,47358,93178,0,0,0,45820,47358,93178
NEWCASTLE,NTL,2015,2,74,39828,40397,80225,0,0,0,39828,40397,80225
NEWCASTLE,NTL,2015,3,75,46998,46902,93900,0,0,0,46998,46902,93900
NEWCASTLE,NTL,2015,4,76,46382,46468,92850,0,0,0,46382,46468,92850
NEWCASTLE,NTL,2015,5,77,46585,46832,93417,0,0,0,46585,46832,93417
NEWCASTLE,NTL,2015,6,78,45252,45669,90921,0,0,0,45252,45669,90921
NEWCASTLE,NTL,2015,7,79,51791,52088,103879,0,0,0,51791,52088,103879
NEWCASTLE,NTL,2015,8,80,48158,47567,95725,0,0,0,48158,47567,95725
NEWCASTLE,NTL,2015,9,81,49787,50528,100315,0,0,0,49787,50528,100315
NEWCASTLE,NTL,2015,10,82,53226,53114,106340,0,0,0,53226,53114,106340
NEWCASTLE,NTL,2015,11,83,49346,50066,99412,0,0,0,49346,50066,99412
NEWCASTLE,NTL,2015,12,84,50922,49590,100512,0,0,0,50922,49590,100512
NEWCASTLE,NTL,2016,1,85,46952,48275,95227,0,0,0,46952,48275,95227
NEWCASTLE,NTL,2016,2,86,44280,45153,89433,0,0,0,44280,45153,89433
NEWCASTLE,NTL,2016,3,87,50766,50326,101092,0,0,0,50766,50326,101092
NEWCASTLE,NTL,2016,4,88,46121,48685,94806,0,0,0,46121,48685,94806
NEWCASTLE,NTL,2016,5,89,47968,47961,95929,0,0,0,47968,47961,95929
NEWCASTLE,NTL,2016,6,90,46132,46062,92194,0,0,0,46132,46062,92194
NEWCASTLE,NTL,2016,7,91,52867,53175,106042,0,0,0,52867,53175,106042
NEWCASTLE,NTL,2016,8,92,50653,50216,100869,0,0,0,50653,50216,100869
NEWCASTLE,NTL,2016,9,93,53555,54507,108062,0,0,0,53555,54507,108062
NEWCASTLE,NTL,2016,10,94,57411,56414,113825,0,0,0,57411,56414,113825
NEWCASTLE,NTL,2016,11,95,52703,53000,105703,0,0,0,52703,53000,105703
NEWCASTLE,NTL,2016,12,96,54559,53371,107930,0,0,0,54559,53371,107930
NEWCASTLE,NTL,2017,1,97,54287,54089,108376,0,0,0,54287,54089,108376
NEWCASTLE,NTL,2017,2,98,44928,44996,89924,0,0,0,44928,44996,89924
NEWCASTLE,NTL,2017,3,99,51795,52664,104459,0,0,0,51795,52664,104459
NEWCASTLE,NTL,2017,4,100,54660,53913,108573,0,0,0,54660,53913,108573
NEWCASTLE,NTL,2017,5,101,49583,50483,100066,0,0,0,49583,50483,100066
NEWCASTLE,NTL,2017,6,102,47872,47860,95732,0,0,0,47872,47860,95732
NEWCASTLE,NTL,2017,7,103,54242,54374,108616,0,0,0,54242,54374,108616
NEWCASTLE,NTL,2017,8,104,49586,49587,99173,0,0,0,49586,49587,99173
NEWCASTLE,NTL,2017,9,105,54789,55360,110149,0,0,0,54789,55360,110149
NEWCASTLE,NTL,2017,10,106,58070,58060,116130,0,0,0,58070,58060,116130
NEWCASTLE,NTL,2017,11,107,55762,55651,111413,0,0,0,55762,55651,111413
NEWCASTLE,NTL,2017,12,108,56807,55893,112700,0,0,0,56807,55893,112700
NEWCASTLE,NTL,2018,1,109,52052,52721,104773,0,0,0,52052,52721,104773
NEWCASTLE,NTL,2018,2,110,46282,46490,92772,0,0,0,46282,46490,92772
NEWCASTLE,NTL,2018,3,111,53843,53255,107098,0,0,0,53843,53255,107098
NEWCASTLE,NTL,2018,4,112,51911,53359,105270,0,0,0,51911,53359,105270
NEWCASTLE,NTL,2018,5,113,51059,50825,101884,0,0,0,51059,50825,101884
NEWCASTLE,NTL,2018,6,114,47515,47511,95026,0,0,0,47515,47511,95026
NEWCASTLE,NTL,2018,7,115,54305,54782,109087,0,0,0,54305,54782,109087
NEWCASTLE,NTL,2018,8,116,51834,51579,103413,0,0,0,51834,51579,103413
NEWCASTLE,NTL,2018,9,117,50936,50634,101570,0,0,0,50936,50634,101570
NEWCASTLE,NTL,2018,10,118,55775,56109,111884,0,0,0,55775,56109,111884
NEWCASTLE,NTL,2018,11,119,55787,56252,112039,295,279,574,56082,56531,112613
NEWCASTLE,NTL,2018,12,120,53528,52785,106313,1004,1162,2166,54532,53947,108479
NEWCASTLE,NTL,2019,1,121,53197,53766,106963,1575,1278,2853,54772,55044,109816
NEWCASTLE,NTL,2019,2,122,45697,46100,91797,619,475,1094,46316,46575,92891
NEWCASTLE,NTL,2019,3,123,53342,53523,106865,0,0,0,53342,53523,106865
NEWCASTLE,NTL,2019,4,124,53436,53930,107366,0,0,0,53436,53930,107366
NEWCASTLE,NTL,2019,5,125,51067,51398,102465,0,0,0,51067,51398,102465
NEWCASTLE,NTL,2019,6,126,49209,48677,97886,0,0,0,49209,48677,97886
NEWCASTLE,NTL,2019,7,127,54497,55290,109787,0,0,0,54497,55290,109787
NEWCASTLE,NTL,2019,8,128,52640,51999,104639,0,0,0,52640,51999,104639
NEWCASTLE,NTL,2019,9,129,53249,53411,106660,0,0,0,53249,53411,106660
NEWCASTLE,NTL,2019,10,130,59321,59179,118500,0,0,0,59321,59179,118500
NEWCASTLE,NTL,2019,11,131,55892,55878,111770,265,364,629,56157,56242,112399
NEWCASTLE,NTL,2019,12,132,53867,52369,106236,1225,1323,2548,55092,53692,108784
NEWCASTLE,NTL,2020,1,133,52332,52937,105269,1665,1425,3090,53997,54362,108359
NEWCASTLE,NTL,2020,2,134,46233,46207,92440,625,479,1104,46858,46686,93544
NEWCASTLE,NTL,2020,3,135,31344,30200,61544,0,0,0,31344,30200,61544
NEWCASTLE,NTL,2020,4,136,247,189,436,0,0,0,247,189,436
NEWCASTLE,NTL,2020,5,137,202,203,405,0,0,0,202,203,405
NEWCASTLE,NTL,2020,6,138,1087,1016,2103,0,0,0,1087,1016,2103
NEWCASTLE,NTL,2020,7,139,7474,8291,15765,0,0,0,7474,8291,15765
NEWCASTLE,NTL,2020,8,140,3077,2296,5373,0,0,0,3077,2296,5373
NEWCASTLE,NTL,2020,9,141,812,823,1635,0,0,0,812,823,1635
NEWCASTLE,NTL,2020,10,142,1179,914,2093,0,0,0,1179,914,2093
NEWCASTLE,NTL,2020,11,143,15158,15305,30463,0,0,0,15158,15305,30463
NEWCASTLE,NTL,2020,12,144,31394,32309,63703,0,0,0,31394,32309,63703
NEWCASTLE,NTL,2021,1,145,18498,18060,36558,0,0,0,18498,18060,36558
NEWCASTLE,NTL,2021,2,146,23499,24066,47565,0,0,0,23499,24066,47565
NEWCASTLE,NTL,2021,3,147,31863,31887,63750,0,0,0,31863,31887,63750
NEWCASTLE,NTL,2021,4,148,39497,39748,79245,0,0,0,39497,39748,79245
NEWCASTLE,NTL,2021,5,149,38360,38721,77081,0,0,0,38360,38721,77081
NEWCASTLE,NTL,2021,6,150,27885,29026,56911,0,0,0,27885,29026,56911
NEWCASTLE,NTL,2021,7,151,13291,11879,25170,0,0,0,13291,11879,25170
NEWCASTLE,NTL,2021,8,152,1301,984,2285,0,0,0,1301,984,2285
NEWCASTLE,NTL,2021,9,153,831,603,1434,0,0,0,831,603,1434
NEWCASTLE,NTL,2021,10,154,1504,1372,2876,0,0,0,1504,1372,2876
NEWCASTLE,NTL,2021,11,155,9886,9765,19651,0,0,0,9886,9765,19651
NEWCASTLE,NTL,2021,12,156,23849,23949,47798,0,0,0,23849,23949,47798
NEWCASTLE,NTL,2022,1,157,26741,27333,54074,0,0,0,26741,27333,54074
NEWCASTLE,NTL,2022,2,158,26946,27306,54252,0,0,0,26946,27306,54252
NEWCASTLE,NTL,2022,3,159,39436,39485,78921,0,0,0,39436,39485,78921
NEWCASTLE,NTL,2022,4,160,53597,53244,106841,0,0,0,53597,53244,106841
NEWCASTLE,NTL,2022,5,161,46049,46899,92948,0,0,0,46049,46899,92948
NEWCASTLE,NTL,2022,6,162,43845,43965,87810,0,0,0,43845,43965,87810
NEWCASTLE,NTL,2022,7,163,45478,46645,92123,0,0,0,45478,46645,92123
NEWCASTLE,NTL,2022,8,164,42540,42309,84849,0,0,0,42540,42309,84849
NEWCASTLE,NTL,2022,9,165,45920,47185,93105,0,0,0,45920,47185,93105
NEWCASTLE,NTL,2022,10,166,49971,48395,98366,0,0,0,49971,48395,98366
NEWCASTLE,NTL,2022,11,167,47167,47413,94580,0,0,0,47167,47413,94580
NEWCASTLE,NTL,2022,12,168,43492,41951,85443,0,0,0,43492,41951,85443
NEWCASTLE,NTL,2023,1,169,42531,42760,85291,0,0,0,42531,42760,85291
NEWCASTLE,NTL,2023,2,170,38929,39363,78292,0,0,0,38929,39363,78292
NEWCASTLE,NTL,2023,3,171,47410,47959,95369,0,0,0,47410,47959,95369
NEWCASTLE,NTL,2023,4,172,48406,48215,96621,0,0,0,48406,48215,96621
NEWCASTLE,NTL,2023,5,173,47200,47583,94783,0,0,0,47200,47583,94783
NEWCASTLE,NTL,2023,6,174,45514,45830,91344,0,0,0,45514,45830,91344
NEWCASTLE,NTL,2023,7,175,51559,52371,103930,0,0,0,51559,52371,103930
NEWCASTLE,NTL,2023,8,176,49184,48597,97781,0,0,0,49184,48597,97781
NEWCASTLE,NTL,2023,9,177,51857,52814,104671,0,0,0,51857,52814,104671
NEWCASTLE,NTL,2023,10,178,55192,53632,108824,0,0,0,55192,53632,108824
NEWCASTLE,NTL,2023,11,179,52195,52542,104737,0,0,0,52195,52542,104737
NEWCASTLE,NTL,2023,12,180,50426,49127,99553,0,0,0,50426,49127,99553
NEWCASTLE,NTL,2024,1,181,45851,46678,92529,0,0,0,45851,46678,92529
NEWCASTLE,NTL,2024,2,182,46964,47233,94197,0,0,0,46964,47233,94197
NEWCASTLE,NTL,2024,3,183,51856,51103,102959,0,0,0,51856,51103,102959
NEWCASTLE,NTL,2024,4,184,51219,52873,104092,0,0,0,51219,52873,104092
NEWCASTLE,NTL,2024,5,185,48387,48714,97101,0,0,0,48387,48714,97101
NEWCASTLE,NTL,2024,6,186,45854,44939,90793,0,0,0,45854,44939,90793
NEWCASTLE,NTL,2024,7,187,50407,51700,102107,0,0,0,50407,51700,102107
NEWCASTLE,NTL,2024,8,188,51082,50807,101889,0,0,0,51082,50807,101889
NEWCASTLE,NTL,2024,9,189,51884,51647,103531,0,0,0,51884,51647,103531
NEWCASTLE,NTL,2024,10,190,55515,54621,110136,0,0,0,55515,54621,110136
NEWCASTLE,NTL,2024,11,191,51253,51098,102351,0,0,0,51253,51098,102351
NEWCASTLE,NTL,2024,12,192,50095,48339,98434,0,0,0,50095,48339,98434
NEWCASTLE,NTL,2025,1,193,46382,47121,93503,0,0,0,46382,47121,93503
NEWCASTLE,NTL,2025,2,194,43921,44118,88039,0,0,0,43921,44118,88039
NEWCASTLE,NTL,2025,3,195,46760,47148,93908,0,0,0,46760,47148,93908
NEWCASTLE,NTL,2025,4,196,49922,50448,100370,0,0,0,49922,50448,100370
NEWCASTLE,NTL,2025,5,197,47037,47520,94557,0,0,0,47037,47520,94557
NEWCASTLE,NTL,2025,6,198,47586,47297,94883,0,0,0,47586,47297,94883
PERTH,PER,2009,1,1,284420,288108,572528,145541,115339,260880,429961,403447,833408
PERTH,PER,2009,2,2,240828,246457,487285,108734,82162,190896,349562,328619,678181
PERTH,PER,2009,3,3,290377,290272,580649,101113,102056,203169,391490,392328,783818
PERTH,PER,2009,4,4,289319,288945,578264,108813,114652,223465,398132,403597,801729
PERTH,PER,2009,5,5,273757,276679,550436,91788,105108,196896,365545,381787,747332
PERTH,PER,2009,6,6,263657,260439,524096,98608,114593,213201,362265,375032,737297
PERTH,PER,2009,7,7,300210,303804,604014,128152,112281,240433,428362,416085,844447
PERTH,PER,2009,8,8,287863,285473,573336,110726,106906,217632,398589,392379,790968
PERTH,PER,2009,9,9,292571,296351,588922,121982,120913,242895,414553,417264,831817
PERTH,PER,2009,10,10,308512,308055,616567,143712,114485,258197,452224,422540,874764
PERTH,PER,2009,11,11,287543,289705,577248,124069,119648,243717,411612,409353,820965
PERTH,PER,2009,12,12,296308,291384,587692,128445,154911,283356,424753,446295,871048
PERTH,PER,2010,1,13,286464,288436,574900,162965,132416,295381,449429,420852,870281
PERTH,PER,2010,2,14,257710,260696,518406,121055,104937,225992,378765,365633,744398
PERTH,PER,2010,3,15,310802,308441,619243,123514,128335,251849,434316,436776,871092
PERTH,PER,2010,4,16,302872,302407,605279,120962,123936,244898,423834,426343,850177
PERTH,PER,2010,5,17,287923,286187,574110,104309,114443,218752,392232,400630,792862
PERTH,PER,2010,6,18,287123,283871,570994,115473,143302,258775,402596,427173,829769
PERTH,PER,2010,7,19,318123,322413,640536,152709,129033,281742,470832,451446,922278
PERTH,PER,2010,8,20,308752,304122,612874,124979,124766,249745,433731,428888,862619
PERTH,PER,2010,9,21,318333,314362,632695,135453,138472,273925,453786,452834,906620
PERTH,PER,2010,10,22,334601,336074,670675,159154,123118,282272,493755,459192,952947
PERTH,PER,2010,11,23,319379,318384,637763,126434,125609,252043,445813,443993,889806
PERTH,PER,2010,12,24,334075,328303,662378,132438,165897,298335,466513,494200,960713
PERTH,PER,2011,1,25,314220,319155,633375,181208,142653,323861,495428,461808,957236
PERTH,PER,2011,2,26,274070,276149,550219,132824,109037,241861,406894,385186,792080
PERTH,PER,2011,3,27,330530,331084,661614,123725,124375,248100,454255,455459,909714
PERTH,PER,2011,4,28,329318,332212,661530,128507,145585,274092,457825,477797,935622
PERTH,PER,2011,5,29,334896,330573,665469,126487,127062,253549,461383,457635,919018
PERTH,PER,2011,6,30,309801,305518,615319,122825,142806,265631,432626,448324,880950
PERTH,PER,2011,7,31,350500,356774,707274,161562,144998,306560,512062,501772,1013834
PERTH,PER,2011,8,32,351078,345010,696088,139530,127583,267113,490608,472593,963201
PERTH,PER,2011,9,33,346669,345169,691838,140559,144486,285045,487228,489655,976883
PERTH,PER,2011,10,34,352748,356350,709098,165756,135565,301321,518504,491915,1010419
PERTH,PER,2011,11,35,358408,357742,716150,137757,132561,270318,496165,490303,986468
PERTH,PER,2011,12,36,360465,347593,708058,136199,175818,312017,496664,523411,1020075
PERTH,PER,2012,1,37,352760,360850,713610,188945,147847,336792,541705,508697,1050402
PERTH,PER,2012,2,38,325182,329065,654247,144942,116154,261096,470124,445219,915343
PERTH,PER,2012,3,39,372895,368765,741660,139493,142470,281963,512388,511235,1023623
PERTH,PER,2012,4,40,369818,366259,736077,146446,153732,300178,516264,519991,1036255
PERTH,PER,2012,5,41,368165,369693,737858,123171,135126,258297,491336,504819,996155
PERTH,PER,2012,6,42,360736,354342,715078,134790,154268,289058,495526,508610,1004136
PERTH,PER,2012,7,43,398586,400597,799183,173443,149645,323088,572029,550242,1122271
PERTH,PER,2012,8,44,387883,387138,775021,144289,142521,286810,532172,529659,1061831
PERTH,PER,2012,9,45,384328,379508,763836,155108,155652,310760,539436,535160,1074596
PERTH,PER,2012,10,46,413707,419032,832739,183232,146786,330018,596939,565818,1162757
PERTH,PER,2012,11,47,386062,384542,770604,147270,146048,293318,533332,530590,1063922
PERTH,PER,2012,12,48,380373,379285,759658,150447,196943,347390,530820,576228,1107048
PERTH,PER,2013,1,49,373730,383134,756864,208925,159037,367962,582655,542171,1124826
PERTH,PER,2013,2,50,322002,320456,642458,152007,126370,278377,474009,446826,920835
PERTH,PER,2013,3,51,381463,380000,761463,151995,151384,303379,533458,531384,1064842
PERTH,PER,2013,4,52,381375,393724,775099,143640,162889,306529,525015,556613,1081628
PERTH,PER,2013,5,53,380024,373231,753255,144424,147124,291548,524448,520355,1044803
PERTH,PER,2013,6,54,357261,342828,700089,141523,160898,302421,498784,503726,1002510
PERTH,PER,2013,7,55,398806,412089,810895,187095,169847,356942,585901,581936,1167837
PERTH,PER,2013,8,56,373945,373517,747462,161495,159005,320500,535440,532522,1067962
PERTH,PER,2013,9,57,373714,373591,747305,166260,169413,335673,539974,543004,1082978
PERTH,PER,2013,10,58,403993,403832,807825,196425,152043,348468,600418,555875,1156293
PERTH,PER,2013,11,59,363121,362817,725938,156917,153245,310162,520038,516062,1036100
PERTH,PER,2013,12,60,377892,375327,753219,170531,227348,397879,548423,602675,1151098
PERTH,PER,2014,1,61,373794,384806,758600,244756,188565,433321,618550,573371,1191921
PERTH,PER,2014,2,62,323572,327180,650752,165809,138879,304688,489381,466059,955440
PERTH,PER,2014,3,63,368083,363511,731594,157118,158112,315230,525201,521623,1046824
PERTH,PER,2014,4,64,381317,385947,767264,174325,184451,358776,555642,570398,1126040
PERTH,PER,2014,5,65,350939,355327,706266,142723,158400,301123,493662,513727,1007389
PERTH,PER,2014,6,66,342876,330153,673029,145966,170833,316799,488842,500986,989828
PERTH,PER,2014,7,67,377458,391848,769306,205965,178812,384777,583423,570660,1154083
PERTH,PER,2014,8,68,361356,358479,719835,163905,166519,330424,525261,524998,1050259
PERTH,PER,2014,9,69,362782,366423,729205,179961,181406,361367,542743,547829,1090572
PERTH,PER,2014,10,70,398992,401561,800553,204204,158932,363136,603196,560493,1163689
PERTH,PER,2014,11,71, 356 660, 355 399, 712 059,158386,156950,315336,515046,512349,1027395
PERTH,PER,2014,12,72,369737,370319,740056,173480,221950,395430,543217,592269,1135486
PERTH,PER,2015,1,73,351624,358420,710044,238626,184382,423008,590250,542802,1133052
PERTH,PER,2015,2,74,302620,312158,614778,169685,144653,314338,472305,456811,929116
PERTH,PER,2015,3,75,359400,351127,710527,160418,167454,327872,519818,518581,1038399
PERTH,PER,2015,4,76,363209,360074,723283,168302,173956,342258,531511,534030,1065541
PERTH,PER,2015,5,77,331242,334104,665346,143271,158138,301409,474513,492242,966755
PERTH,PER,2015,6,78,334331,315818,650149,147906,177716,325622,482237,493534,975771
PERTH,PER,2015,7,79,373233,391420,764653,204453,182039,386492,577686,573459,1151145
PERTH,PER,2015,8,80,345804,339311,685115,168066,167076,335142,513870,506387,1020257
PERTH,PER,2015,9,81,345190,354353,699543,175801,178626,354427,520991,532979,1053970
PERTH,PER,2015,10,82,376349,371879,748228,201257,159865,361122,577606,531744,1109350
PERTH,PER,2015,11,83,350883,348296,699179,161118,156852,317970,512001,505148,1017149
PERTH,PER,2015,12,84,366185,364502,730687,177833,225340,403173,544018,589842,1133860
PERTH,PER,2016,1,85,339718,348882,688600,239957,194026,433983,579675,542908,1122583
PERTH,PER,2016,2,86,298463,306771,605234,183022,150969,333991,481485,457740,939225
PERTH,PER,2016,3,87,351129,344678,695807,169100,174373,343473,520229,519051,1039280
PERTH,PER,2016,4,88,339551,343860,683411,172768,180423,353191,512319,524283,1036602
PERTH,PER,2016,5,89,323448,324678,648126,149078,158887,307965,472526,483565,956091
PERTH,PER,2016,6,90,319153,317203,636356,153342,186840,340182,472495,504043,976538
PERTH,PER,2016,7,91,345310,359636,704946,217460,185918,403378,562770,545554,1108324
PERTH,PER,2016,8,92,333833,330911,664744,172310,168899,341209,506143,499810,1005953
PERTH,PER,2016,9,93,345591,347858,693449,187478,191734,379212,533069,539592,1072661
PERTH,PER,2016,10,94,353502,358906,712408,212243,166592,378835,565745,525498,1091243
PERTH,PER,2016,11,95,336632,340980,677612,168867,172050,340917,505499,513030,1018529
PERTH,PER,2016,12,96,361956,352837,714793,188630,234209,422839,550586,587046,1137632
PERTH,PER,2017,1,97,337758,352883,690641,239999,196653,436652,577757,549536,1127293
PERTH,PER,2017,2,98,281671,288163,569834,181235,146779,328014,462906,434942,897848
PERTH,PER,2017,3,99,331242,332208,663450,168813,174935,343748,500055,507143,1007198
PERTH,PER,2017,4,100,335208,333755,668963,185833,193652,379485,521041,527407,1048448
PERTH,PER,2017,5,101,318488,324138,642626,155396,165738,321134,473884,489876,963760
PERTH,PER,2017,6,102,310500,312126,622626,158255,190155,348410,468755,502281,971036
PERTH,PER,2017,7,103,348994,352709,701703,211701,182304,394005,560695,535013,1095708
PERTH,PER,2017,8,104,329875,328372,658247,174162,171298,345460,504037,499670,1003707
PERTH,PER,2017,9,105,330208,335505,665713,183141,189091,372232,513349,524596,1037945
PERTH,PER,2017,10,106,356818,357901,714719,209573,167158,376731,566391,525059,1091450
PERTH,PER,2017,11,107,340894,340217,681111,166263,164421,330684,507157,504638,1011795
PERTH,PER,2017,12,108,359066,346366,705432,183881,225031,408912,542947,571397,1114344
PERTH,PER,2018,1,109,338970,354520,693490,230724,190208,420932,569694,544728,1114422
PERTH,PER,2018,2,110,293234,294222,587456,173590,147109,320699,466824,441331,908155
PERTH,PER,2018,3,111,347889,339031,686920,172623,178886,351509,520512,517917,1038429
PERTH,PER,2018,4,112,338271,345743,684014,171396,184847,356243,509667,530590,1040257
PERTH,PER,2018,5,113,332088,332706,664794,156686,164906,321592,488774,497612,986386
PERTH,PER,2018,6,114,310124,310390,620514,160492,195155,355647,470616,505545,976161
PERTH,PER,2018,7,115,356414,360646,717060,216000,180045,396045,572414,540691,1113105
PERTH,PER,2018,8,116,334133,329291,663424,178516,178586,357102,512649,507877,1020526
PERTH,PER,2018,9,117,339438,345477,684915,182920,187834,370754,522358,533311,1055669
PERTH,PER,2018,10,118,367669,363399,731068,199858,160469,360327,567527,523868,1091395
PERTH,PER,2018,11,119,346125,341988,688113,168215,169049,337264,514340,511037,1025377
PERTH,PER,2018,12,120,353421,336559,689980,187566,230291,417857,540987,566850,1107837
PERTH,PER,2019,1,121,333792,355008,688800,230405,191656,422061,564197,546664,1110861
PERTH,PER,2019,2,122,292431,290188,582619,177469,147449,324918,469900,437637,907537
PERTH,PER,2019,3,123,327527,324347,651874,163843,169358,333201,491370,493705,985075
PERTH,PER,2019,4,124,344871,346786,691657,171753,185698,357451,516624,532484,1049108
PERTH,PER,2019,5,125,329652,330261,659913,158107,163144,321251,487759,493405,981164
PERTH,PER,2019,6,126,315356,306689,622045,155018,180664,335682,470374,487353,957727
PERTH,PER,2019,7,127,362677,370477,733154,203301,180135,383436,565978,550612,1116590
PERTH,PER,2019,8,128,343016,336164,679180,180370,178650,359020,523386,514814,1038200
PERTH,PER,2019,9,129,339702,339996,679698,180961,185024,365985,520663,525020,1045683
PERTH,PER,2019,10,130,377209,376475,753684,205797,171561,377358,583006,548036,1131042
PERTH,PER,2019,11,131,348086,343342,691428,180935,176849,357784,529021,520191,1049212
PERTH,PER,2019,12,132,367525,348759,716284,190795,234238,425033,558320,582997,1141317
PERTH,PER,2020,1,133,336945,359009,695954,238157,204575,442732,575102,563584,1138686
PERTH,PER,2020,2,134,297652,300717,598369,169482,135267,304749,467134,435984,903118
PERTH,PER,2020,3,135,233956,226081,460037,93680,84820,178500,327636,310901,638537
PERTH,PER,2020,4,136,17595,17136,34731,1696,5422,7118,19291,22558,41849
PERTH,PER,2020,5,137,15780,17204,32984,1141,2285,3426,16921,19489,36410
PERTH,PER,2020,6,138,29887,31756,61643,1652,2469,4121,31539,34225,65764
PERTH,PER,2020,7,139,53442,55274,108716,2702,3866,6568,56144,59140,115284
PERTH,PER,2020,8,140,58156,59012,117168,2038,4142,6180,60194,63154,123348
PERTH,PER,2020,9,141,78515,75161,153676,2038,2786,4824,80553,77947,158500
PERTH,PER,2020,10,142,90005,84295,174300,3497,3203,6700,93502,87498,181000
PERTH,PER,2020,11,143,104170,101412,205582,3648,2905,6553,107818,104317,212135
PERTH,PER,2020,12,144,163235,140723,303958,4096,3393,7489,167331,144116,311447
PERTH,PER,2021,1,145,119606,135005,254611,2997,2688,5685,122603,137693,260296
PERTH,PER,2021,2,146,93691,89784,183475,2249,2109,4358,95940,91893,187833
PERTH,PER,2021,3,147,192521,185740,378261,3573,2357,5930,196094,188097,384191
PERTH,PER,2021,4,148,218279,219323,437602,4569,3900,8469,222848,223223,446071
PERTH,PER,2021,5,149,225194,227822,453016,5451,6428,11879,230645,234250,464895
PERTH,PER,2021,6,150,203405,200554,403959,6887,6448,13335,210292,207002,417294
PERTH,PER,2021,7,151,134985,136530,271515,6570,7980,14550,141555,144510,286065
PERTH,PER,2021,8,152,136243,132964,269207,2894,2954,5848,139137,135918,275055
PERTH,PER,2021,9,153,159249,151192,310441,1316,2728,4044,160565,153920,314485
PERTH,PER,2021,10,154,159047,153702,312749,1436,3048,4484,160483,156750,317233
PERTH,PER,2021,11,155,166141,163799,329940,1295,4178,5473,167436,167977,335413
PERTH,PER,2021,12,156,129919,119443,249362,1660,4936,6596,131579,124379,255958
PERTH,PER,2022,1,157,82324,99652,181976,916,5815,6731,83240,105467,188707
PERTH,PER,2022,2,158,111832,92555,204387,1334,6318,7652,113166,98873,212039
PERTH,PER,2022,3,159,199907,187184,387091,26166,19622,45788,226073,206806,432879
PERTH,PER,2022,4,160,280604,273619,554223,49607,50958,100565,330211,324577,654788
PERTH,PER,2022,5,161,291176,291762,582938,56675,62118,118793,347851,353880,701731
PERTH,PER,2022,6,162,313411,307999,621410,71995,88871,160866,385406,396870,782276
PERTH,PER,2022,7,163,331277,332116,663393,106979,99663,206642,438256,431779,870035
PERTH,PER,2022,8,164,323527,315687,639214,108969,97490,206459,432496,413177,845673
PERTH,PER,2022,9,165,337380,333644,671024,115510,109928,225438,452890,443572,896462
PERTH,PER,2022,10,166,348557,343902,692459,128126,104582,232708,476683,448484,925167
PERTH,PER,2022,11,167,334653,333409,668062,131657,129121,260778,466310,462530,928840
PERTH,PER,2022,12,168,346758,326265,673023,132960,165623,298583,479718,491888,971606
PERTH,PER,2023,1,169,330263,344637,674900,177450,145653,323103,507713,490290,998003
PERTH,PER,2023,2,170,290466,295779,586245,156832,116727,273559,447298,412506,859804
PERTH,PER,2023,3,171,356856,349462,706318,151270,150223,301493,508126,499685,1007811
PERTH,PER,2023,4,172,340147,338989,679136,146858,155633,302491,487005,494622,981627
PERTH,PER,2023,5,173,338963,338929,677892,142937,152065,295002,481900,490994,972894
PERTH,PER,2023,6,174,324425,321743,646168,144937,167385,312322,469362,489128,958490
PERTH,PER,2023,7,175,353381,350117,703498,180536,159180,339716,533917,509297,1043214
PERTH,PER,2023,8,176,350137,343829,693966,172116,161123,333239,522253,504952,1027205
PERTH,PER,2023,9,177,351260,350195,701455,172558,172998,345556,523818,523193,1047011
PERTH,PER,2023,10,178,380166,376282,756448,186428,154767,341195,566594,531049,1097643
PERTH,PER,2023,11,179,373193,369375,742568,168455,169862,338317,541648,539237,1080885
PERTH,PER,2023,12,180,361408,348658,710066,170872,208971,379843,532280,557629,1089909
PERTH,PER,2024,1,181,346887,354720,701607,223269,182147,405416,570156,536867,1107023
PERTH,PER,2024,2,182,318078,319084,637162,189649,159940,349589,507727,479024,986751
PERTH,PER,2024,3,183,350924,351471,702395,176149,191162,367311,527073,542633,1069706
PERTH,PER,2024,4,184,365883,364430,730313,188116,182632,370748,553999,547062,1101061
PERTH,PER,2024,5,185,361505,354558,716063,170679,186609,357288,532184,541167,1073351
PERTH,PER,2024,6,186,328910,332286,661196,183043,219045,402088,511953,551331,1063284
PERTH,PER,2024,7,187,385908,383983,769891,233759,189965,423724,619667,573948,1193615
PERTH,PER,2024,8,188,374820,370351,745171,198859,197349,396208,573679,567700,1141379
PERTH,PER,2024,9,189,380590,381098,761688,213763,219710,433473,594353,600808,1195161
PERTH,PER,2024,10,190,405084,411776,816860,234066,189287,423353,639150,601063,1240213
PERTH,PER,2024,11,191,385835,382098,767933,197747,203555,401302,583582,585653,1169235
PERTH,PER,2024,12,192,396820,376172,772992,202524,266002,468526,599344,642174,1241518
PERTH,PER,2025,1,193,377973,402228,780201,280543,228726,509269,658516,630954,1289470
PERTH,PER,2025,2,194,321732,328831,650563,221141,177760,398901,542873,506591,1049464
PERTH,PER,2025,3,195,371369,367156,738525,200335,191990,392325,571704,559146,1130850
PERTH,PER,2025,4,196,399590,397054,796644,210300,234811,445111,609890,631865,1241755
PERTH,PER,2025,5,197,374748,375460,750208,201195,206834,408029,575943,582294,1158237
PERTH,PER,2025,6,198,364312,355380,719692,200712,229257,429969,565024,584637,1149661
PROSERPINE,PPP,2009,1,1,9759,10028,19787,0,0,0,9759,10028,19787
PROSERPINE,PPP,2009,2,2,8023,8035,16058,0,0,0,8023,8035,16058
PROSERPINE,PPP,2009,3,3,9231,9060,18291,0,0,0,9231,9060,18291
PROSERPINE,PPP,2009,4,4,9051,8963,18014,0,0,0,9051,8963,18014
PROSERPINE,PPP,2009,5,5,8790,8663,17453,0,0,0,8790,8663,17453
PROSERPINE,PPP,2009,6,6,8879,8321,17200,0,0,0,8879,8321,17200
PROSERPINE,PPP,2009,7,7,9449,9351,18800,0,0,0,9449,9351,18800
PROSERPINE,PPP,2009,8,8,9981,9559,19540,0,0,0,9981,9559,19540
PROSERPINE,PPP,2009,9,9,9765,9403,19168,0,0,0,9765,9403,19168
PROSERPINE,PPP,2009,10,10,9888,9861,19749,0,0,0,9888,9861,19749
PROSERPINE,PPP,2009,11,11,9402,9459,18861,0,0,0,9402,9459,18861
PROSERPINE,PPP,2009,12,12,9015,8928,17943,0,0,0,9015,8928,17943
PROSERPINE,PPP,2010,1,13,8569,8729,17298,0,0,0,8569,8729,17298
PROSERPINE,PPP,2010,2,14,7896,7966,15862,0,0,0,7896,7966,15862
PROSERPINE,PPP,2010,3,15,8101,7673,15774,0,0,0,8101,7673,15774
PROSERPINE,PPP,2010,4,16,8558,8647,17205,0,0,0,8558,8647,17205
PROSERPINE,PPP,2010,5,17,8348,8171,16519,0,0,0,8348,8171,16519
PROSERPINE,PPP,2010,6,18,8678,8222,16900,0,0,0,8678,8222,16900
PROSERPINE,PPP,2010,7,19,9127,9290,18417,0,0,0,9127,9290,18417
PROSERPINE,PPP,2010,8,20,9331,9217,18548,0,0,0,9331,9217,18548
PROSERPINE,PPP,2010,9,21,9302,8925,18227,0,0,0,9302,8925,18227
PROSERPINE,PPP,2010,10,22,9539,9830,19369,0,0,0,9539,9830,19369
PROSERPINE,PPP,2010,11,23,9102,9345,18447,0,0,0,9102,9345,18447
PROSERPINE,PPP,2010,12,24,8927,9023,17950,0,0,0,8927,9023,17950
PROSERPINE,PPP,2011,1,25,8548,9026,17574,0,0,0,8548,9026,17574
PROSERPINE,PPP,2011,2,26,6418,6268,12686,0,0,0,6418,6268,12686
PROSERPINE,PPP,2011,3,27,7831,7688,15519,0,0,0,7831,7688,15519
PROSERPINE,PPP,2011,4,28,8488,7992,16480,0,0,0,8488,7992,16480
PROSERPINE,PPP,2011,5,29,7869,8354,16223,0,0,0,7869,8354,16223
PROSERPINE,PPP,2011,6,30,8128,7868,15996,0,0,0,8128,7868,15996
PROSERPINE,PPP,2011,7,31,8846,9327,18173,0,0,0,8846,9327,18173
PROSERPINE,PPP,2011,8,32,9402,9331,18733,0,0,0,9402,9331,18733
PROSERPINE,PPP,2011,9,33,9391,9255,18646,0,0,0,9391,9255,18646
PROSERPINE,PPP,2011,10,34,9297,10130,19427,0,0,0,9297,10130,19427
PROSERPINE,PPP,2011,11,35,8801,9178,17979,0,0,0,8801,9178,17979
PROSERPINE,PPP,2011,12,36,8660,8846,17506,0,0,0,8660,8846,17506
PROSERPINE,PPP,2012,1,37,8341,9156,17497,0,0,0,8341,9156,17497
PROSERPINE,PPP,2012,2,38,6920,7168,14088,0,0,0,6920,7168,14088
PROSERPINE,PPP,2012,3,39,8938,8905,17843,0,0,0,8938,8905,17843
PROSERPINE,PPP,2012,4,40,9609,9807,19416,0,0,0,9609,9807,19416
PROSERPINE,PPP,2012,5,41,8904,8908,17812,0,0,0,8904,8908,17812
PROSERPINE,PPP,2012,6,42,9301,9162,18463,0,0,0,9301,9162,18463
PROSERPINE,PPP,2012,7,43,10319,11294,21613,0,0,0,10319,11294,21613
PROSERPINE,PPP,2012,8,44,10138,10349,20487,0,0,0,10138,10349,20487
PROSERPINE,PPP,2012,9,45,10437,10276,20713,0,0,0,10437,10276,20713
PROSERPINE,PPP,2012,10,46,10843,11896,22739,0,0,0,10843,11896,22739
PROSERPINE,PPP,2012,11,47,10473,11118,21591,0,0,0,10473,11118,21591
PROSERPINE,PPP,2012,12,48,10298,10253,20551,0,0,0,10298,10253,20551
PROSERPINE,PPP,2013,1,49,9638,10945,20583,0,0,0,9638,10945,20583
PROSERPINE,PPP,2013,2,50,7633,8097,15730,0,0,0,7633,8097,15730
PROSERPINE,PPP,2013,3,51,8850,8511,17361,0,0,0,8850,8511,17361
PROSERPINE,PPP,2013,4,52,9351,9764,19115,0,0,0,9351,9764,19115
PROSERPINE,PPP,2013,5,53,8365,8543,16908,0,0,0,8365,8543,16908
PROSERPINE,PPP,2013,6,54,9031,8630,17661,0,0,0,9031,8630,17661
PROSERPINE,PPP,2013,7,55,10322,10873,21195,0,0,0,10322,10873,21195
PROSERPINE,PPP,2013,8,56,10085,10227,20312,0,0,0,10085,10227,20312
PROSERPINE,PPP,2013,9,57,10706,10345,21051,0,0,0,10706,10345,21051
PROSERPINE,PPP,2013,10,58,10719,11531,22250,0,0,0,10719,11531,22250
PROSERPINE,PPP,2013,11,59,10092,10543,20635,0,0,0,10092,10543,20635
PROSERPINE,PPP,2013,12,60,10679,10922,21601,0,0,0,10679,10922,21601
PROSERPINE,PPP,2014,1,61,9634,10866,20500,0,0,0,9634,10866,20500
PROSERPINE,PPP,2014,2,62,8002,8286,16288,0,0,0,8002,8286,16288
PROSERPINE,PPP,2014,3,63,8991,9140,18131,0,0,0,8991,9140,18131
PROSERPINE,PPP,2014,4,64,11099,11015,22114,0,0,0,11099,11015,22114
PROSERPINE,PPP,2014,5,65,10032,10275,20307,0,0,0,10032,10275,20307
PROSERPINE,PPP,2014,6,66,10204,9879,20083,0,0,0,10204,9879,20083
PROSERPINE,PPP,2014,7,67,11761,12275,24036,0,0,0,11761,12275,24036
PROSERPINE,PPP,2014,8,68,11678,11905,23583,0,0,0,11678,11905,23583
PROSERPINE,PPP,2014,9,69,12473,11757,24230,0,0,0,12473,11757,24230
PROSERPINE,PPP,2014,10,70,12509,13521,26030,0,0,0,12509,13521,26030
PROSERPINE,PPP,2014,11,71,11784,12206,23990,0,0,0,11784,12206,23990
PROSERPINE,PPP,2014,12,72,12741,12305,25046,0,0,0,12741,12305,25046
PROSERPINE,PPP,2015,1,73,11693,13093,24786,0,0,0,11693,13093,24786
PROSERPINE,PPP,2015,2,74,10227,10566,20793,0,0,0,10227,10566,20793
PROSERPINE,PPP,2015,3,75,10755,10474,21229,0,0,0,10755,10474,21229
PROSERPINE,PPP,2015,4,76,12229,12530,24759,0,0,0,12229,12530,24759
PROSERPINE,PPP,2015,5,77,10253,10481,20734,0,0,0,10253,10481,20734
PROSERPINE,PPP,2015,6,78,11392,10240,21632,0,0,0,11392,10240,21632
PROSERPINE,PPP,2015,7,79,15081,15626,30707,0,0,0,15081,15626,30707
PROSERPINE,PPP,2015,8,80,14836,15049,29885,0,0,0,14836,15049,29885
PROSERPINE,PPP,2015,9,81,15547,14935,30482,0,0,0,15547,14935,30482
PROSERPINE,PPP,2015,10,82,15690,16533,32223,0,0,0,15690,16533,32223
PROSERPINE,PPP,2015,11,83,14857,15355,30212,0,0,0,14857,15355,30212
PROSERPINE,PPP,2015,12,84,15727,15960,31687,0,0,0,15727,15960,31687
PROSERPINE,PPP,2016,1,85,14831,16301,31132,0,0,0,14831,16301,31132
PROSERPINE,PPP,2016,2,86,13452,13838,27290,0,0,0,13452,13838,27290
PROSERPINE,PPP,2016,3,87,14101,13833,27934,0,0,0,14101,13833,27934
PROSERPINE,PPP,2016,4,88,13458,13972,27430,0,0,0,13458,13972,27430
PROSERPINE,PPP,2016,5,89,11882,12342,24224,0,0,0,11882,12342,24224
PROSERPINE,PPP,2016,6,90,12667,12157,24824,0,0,0,12667,12157,24824
PROSERPINE,PPP,2016,7,91,14239,14944,29183,0,0,0,14239,14944,29183
PROSERPINE,PPP,2016,8,92,14357,14671,29028,0,0,0,14357,14671,29028
PROSERPINE,PPP,2016,9,93,15023,14654,29677,0,0,0,15023,14654,29677
PROSERPINE,PPP,2016,10,94,15452,16245,31697,0,0,0,15452,16245,31697
PROSERPINE,PPP,2016,11,95,13699,13958,27657,0,0,0,13699,13958,27657
PROSERPINE,PPP,2016,12,96,16488,16274,32762,0,0,0,16488,16274,32762
PROSERPINE,PPP,2017,1,97,15556,16081,31637,0,0,0,15556,16081,31637
PROSERPINE,PPP,2017,2,98,12029,12292,24321,0,0,0,12029,12292,24321
PROSERPINE,PPP,2017,3,99,11513,11715,23228,0,0,0,11513,11715,23228
PROSERPINE,PPP,2017,4,100,15691,14923,30614,0,0,0,15691,14923,30614
PROSERPINE,PPP,2017,5,101,14840,15408,30248,0,0,0,14840,15408,30248
PROSERPINE,PPP,2017,6,102,16820,16200,33020,0,0,0,16820,16200,33020
PROSERPINE,PPP,2017,7,103,20625,20398,41023,0,0,0,20625,20398,41023
PROSERPINE,PPP,2017,8,104,19617,19839,39456,0,0,0,19617,19839,39456
PROSERPINE,PPP,2017,9,105,21317,20693,42010,0,0,0,21317,20693,42010
PROSERPINE,PPP,2017,10,106,21185,22462,43647,0,0,0,21185,22462,43647
PROSERPINE,PPP,2017,11,107,20533,20773,41306,0,0,0,20533,20773,41306
PROSERPINE,PPP,2017,12,108,22559,22502,45061,0,0,0,22559,22502,45061
PROSERPINE,PPP,2018,1,109,21993,22945,44938,0,0,0,21993,22945,44938
PROSERPINE,PPP,2018,2,110,18462,18792,37254,0,0,0,18462,18792,37254
PROSERPINE,PPP,2018,3,111,18620,18345,36965,0,0,0,18620,18345,36965
PROSERPINE,PPP,2018,4,112,17833,18279,36112,0,0,0,17833,18279,36112
PROSERPINE,PPP,2018,5,113,15367,15854,31221,0,0,0,15367,15854,31221
PROSERPINE,PPP,2018,6,114,15845,15120,30965,0,0,0,15845,15120,30965
PROSERPINE,PPP,2018,7,115,19896,20072,39968,0,0,0,19896,20072,39968
PROSERPINE,PPP,2018,8,116,18869,19086,37955,0,0,0,18869,19086,37955
PROSERPINE,PPP,2018,9,117,19247,19046,38293,0,0,0,19247,19046,38293
PROSERPINE,PPP,2018,10,118,20304,21563,41867,0,0,0,20304,21563,41867
PROSERPINE,PPP,2018,11,119,17771,18077,35848,0,0,0,17771,18077,35848
PROSERPINE,PPP,2018,12,120,18653,18536,37189,0,0,0,18653,18536,37189
PROSERPINE,PPP,2019,1,121,18536,19795,38331,0,0,0,18536,19795,38331
PROSERPINE,PPP,2019,2,122,14441,14851,29292,0,0,0,14441,14851,29292
PROSERPINE,PPP,2019,3,123,16209,16151,32360,0,0,0,16209,16151,32360
PROSERPINE,PPP,2019,4,124,19048,18648,37696,0,0,0,19048,18648,37696
PROSERPINE,PPP,2019,5,125,15733,16071,31804,0,0,0,15733,16071,31804
PROSERPINE,PPP,2019,6,126,14909,14476,29385,0,0,0,14909,14476,29385
PROSERPINE,PPP,2019,7,127,19243,19486,38729,0,0,0,19243,19486,38729
PROSERPINE,PPP,2019,8,128,18760,19214,37974,0,0,0,18760,19214,37974
PROSERPINE,PPP,2019,9,129,19881,19373,39254,0,0,0,19881,19373,39254
PROSERPINE,PPP,2019,10,130,20514,21411,41925,0,0,0,20514,21411,41925
PROSERPINE,PPP,2019,11,131,18567,19106,37673,0,0,0,18567,19106,37673
PROSERPINE,PPP,2019,12,132,19715,19276,38991,0,0,0,19715,19276,38991
PROSERPINE,PPP,2020,1,133,20126,21409,41535,0,0,0,20126,21409,41535
PROSERPINE,PPP,2020,2,134,12850,13192,26042,0,0,0,12850,13192,26042
PROSERPINE,PPP,2020,3,135,9929,10658,20587,0,0,0,9929,10658,20587
PROSERPINE,PPP,2020,4,136,0,0,0,0,0,0,0,0,0
PROSERPINE,PPP,2020,5,137,0,0,0,0,0,0,0,0,0
PROSERPINE,PPP,2020,6,138,1266,1092,2358,0,0,0,1266,1092,2358
PROSERPINE,PPP,2020,7,139,8432,7792,16224,0,0,0,8432,7792,16224
PROSERPINE,PPP,2020,8,140,6557,6821,13378,0,0,0,6557,6821,13378
PROSERPINE,PPP,2020,9,141,8761,8067,16828,0,0,0,8761,8067,16828
PROSERPINE,PPP,2020,10,142,10239,10590,20829,0,0,0,10239,10590,20829
PROSERPINE,PPP,2020,11,143,9820,9923,19743,0,0,0,9820,9923,19743
PROSERPINE,PPP,2020,12,144,14433,13709,28142,0,0,0,14433,13709,28142
PROSERPINE,PPP,2021,1,145,11119,12490,23609,0,0,0,11119,12490,23609
PROSERPINE,PPP,2021,2,146,10299,10213,20512,0,0,0,10299,10213,20512
PROSERPINE,PPP,2021,3,147,14453,14016,28469,0,0,0,14453,14016,28469
PROSERPINE,PPP,2021,4,148,16223,16212,32435,0,0,0,16223,16212,32435
PROSERPINE,PPP,2021,5,149,14345,14464,28809,0,0,0,14345,14464,28809
PROSERPINE,PPP,2021,6,150,12513,11710,24223,0,0,0,12513,11710,24223
PROSERPINE,PPP,2021,7,151,10540,12183,22723,0,0,0,10540,12183,22723
PROSERPINE,PPP,2021,8,152,5865,6188,12053,0,0,0,5865,6188,12053
PROSERPINE,PPP,2021,9,153,12203,11000,23203,0,0,0,12203,11000,23203
PROSERPINE,PPP,2021,10,154,13044,13649,26693,0,0,0,13044,13649,26693
PROSERPINE,PPP,2021,11,155,13440,13706,27146,0,0,0,13440,13706,27146
PROSERPINE,PPP,2021,12,156,18479,16683,35162,0,0,0,18479,16683,35162
PROSERPINE,PPP,2022,1,157,18897,20768,39665,0,0,0,18897,20768,39665
PROSERPINE,PPP,2022,2,158,13561,13586,27147,0,0,0,13561,13586,27147
PROSERPINE,PPP,2022,3,159,17193,16632,33825,0,0,0,17193,16632,33825
PROSERPINE,PPP,2022,4,160,23962,23356,47318,0,0,0,23962,23356,47318
PROSERPINE,PPP,2022,5,161,18836,18806,37642,0,0,0,18836,18806,37642
PROSERPINE,PPP,2022,6,162,19622,18549,38171,0,0,0,19622,18549,38171
PROSERPINE,PPP,2022,7,163,20815,21527,42342,0,0,0,20815,21527,42342
PROSERPINE,PPP,2022,8,164,19834,20075,39909,0,0,0,19834,20075,39909
PROSERPINE,PPP,2022,9,165,21583,21160,42743,0,0,0,21583,21160,42743
PROSERPINE,PPP,2022,10,166,20715,21201,41916,0,0,0,20715,21201,41916
PROSERPINE,PPP,2022,11,167,17349,17783,35132,0,0,0,17349,17783,35132
PROSERPINE,PPP,2022,12,168,19622,19108,38730,0,0,0,19622,19108,38730
PROSERPINE,PPP,2023,1,169,18209,18825,37034,0,0,0,18209,18825,37034
PROSERPINE,PPP,2023,2,170,15250,15730,30980,0,0,0,15250,15730,30980
PROSERPINE,PPP,2023,3,171,19361,18776,38137,0,0,0,19361,18776,38137
PROSERPINE,PPP,2023,4,172,24326,24859,49185,0,0,0,24326,24859,49185
PROSERPINE,PPP,2023,5,173,19845,19781,39626,0,0,0,19845,19781,39626
PROSERPINE,PPP,2023,6,174,21623,20460,42083,0,0,0,21623,20460,42083
PROSERPINE,PPP,2023,7,175,23681,24606,48287,0,0,0,23681,24606,48287
PROSERPINE,PPP,2023,8,176,21693,22050,43743,0,0,0,21693,22050,43743
PROSERPINE,PPP,2023,9,177,22448,22349,44797,0,0,0,22448,22349,44797
PROSERPINE,PPP,2023,10,178,22646,23837,46483,0,0,0,22646,23837,46483
PROSERPINE,PPP,2023,11,179,20686,21159,41845,0,0,0,20686,21159,41845
PROSERPINE,PPP,2023,12,180,23987,24016,48003,0,0,0,23987,24016,48003
PROSERPINE,PPP,2024,1,181,20985,22932,43917,0,0,0,20985,22932,43917
PROSERPINE,PPP,2024,2,182,17744,17507,35251,0,0,0,17744,17507,35251
PROSERPINE,PPP,2024,3,183,19267,18757,38024,0,0,0,19267,18757,38024
PROSERPINE,PPP,2024,4,184,22044,22995,45039,0,0,0,22044,22995,45039
PROSERPINE,PPP,2024,5,185,17398,17398,34796,0,0,0,17398,17398,34796
PROSERPINE,PPP,2024,6,186,18557,17722,36279,0,0,0,18557,17722,36279
PROSERPINE,PPP,2024,7,187,22092,22164,44256,0,0,0,22092,22164,44256
PROSERPINE,PPP,2024,8,188,21104,21259,42363,0,0,0,21104,21259,42363
PROSERPINE,PPP,2024,9,189,23843,22856,46699,0,0,0,23843,22856,46699
PROSERPINE,PPP,2024,10,190,23889,25137,49026,0,0,0,23889,25137,49026
PROSERPINE,PPP,2024,11,191,21753,22143,43896,0,0,0,21753,22143,43896
PROSERPINE,PPP,2024,12,192,23921,23777,47698,0,0,0,23921,23777,47698
PROSERPINE,PPP,2025,1,193,24466,25804,50270,0,0,0,24466,25804,50270
PROSERPINE,PPP,2025,2,194,15572,16289,31861,0,0,0,15572,16289,31861
PROSERPINE,PPP,2025,3,195,17503,17404,34907,0,0,0,17503,17404,34907
PROSERPINE,PPP,2025,4,196,22737,22471,45208,0,0,0,22737,22471,45208
PROSERPINE,PPP,2025,5,197,21050,21006,42056,0,0,0,21050,21006,42056
PROSERPINE,PPP,2025,6,198,21718,20740,42458,0,0,0,21718,20740,42458
ROCKHAMPTON,ROK,2009,1,1,27838,27816,55654,0,0,0,27838,27816,55654
ROCKHAMPTON,ROK,2009,2,2,26096,26052,52148,0,0,0,26096,26052,52148
ROCKHAMPTON,ROK,2009,3,3,30613,30615,61228,0,0,0,30613,30615,61228
ROCKHAMPTON,ROK,2009,4,4,29947,30137,60084,0,0,0,29947,30137,60084
ROCKHAMPTON,ROK,2009,5,5,32044,32158,64202,0,0,0,32044,32158,64202
ROCKHAMPTON,ROK,2009,6,6,31158,30900,62058,0,0,0,31158,30900,62058
ROCKHAMPTON,ROK,2009,7,7,33870,34180,68050,0,0,0,33870,34180,68050
ROCKHAMPTON,ROK,2009,8,8,32895,33046,65941,0,0,0,32895,33046,65941
ROCKHAMPTON,ROK,2009,9,9,32037,32141,64178,0,0,0,32037,32141,64178
ROCKHAMPTON,ROK,2009,10,10,32645,32258,64903,0,0,0,32645,32258,64903
ROCKHAMPTON,ROK,2009,11,11,30845,31069,61914,0,0,0,30845,31069,61914
ROCKHAMPTON,ROK,2009,12,12,31584,31393,62977,0,0,0,31584,31393,62977
ROCKHAMPTON,ROK,2010,1,13,28140,27337,55477,0,0,0,28140,27337,55477
ROCKHAMPTON,ROK,2010,2,14,28848,29279,58127,0,0,0,28848,29279,58127
ROCKHAMPTON,ROK,2010,3,15,31683,31492,63175,0,0,0,31683,31492,63175
ROCKHAMPTON,ROK,2010,4,16,32528,32819,65347,0,0,0,32528,32819,65347
ROCKHAMPTON,ROK,2010,5,17,31609,31994,63603,0,0,0,31609,31994,63603
ROCKHAMPTON,ROK,2010,6,18,31776,31936,63712,0,0,0,31776,31936,63712
ROCKHAMPTON,ROK,2010,7,19,32566,32375,64941,0,0,0,32566,32375,64941
ROCKHAMPTON,ROK,2010,8,20,32964,33147,66111,0,0,0,32964,33147,66111
ROCKHAMPTON,ROK,2010,9,21,35141,34516,69657,0,0,0,35141,34516,69657
ROCKHAMPTON,ROK,2010,10,22,34566,35074,69640,0,0,0,34566,35074,69640
ROCKHAMPTON,ROK,2010,11,23,33956,34024,67980,0,0,0,33956,34024,67980
ROCKHAMPTON,ROK,2010,12,24,33991,35451,69442,0,0,0,33991,35451,69442
ROCKHAMPTON,ROK,2011,1,25,5269,5116,10385,0,0,0,5269,5116,10385
ROCKHAMPTON,ROK,2011,2,26,24652,25149,49801,0,0,0,24652,25149,49801
ROCKHAMPTON,ROK,2011,3,27,31111,31167,62278,0,0,0,31111,31167,62278
ROCKHAMPTON,ROK,2011,4,28,30645,31000,61645,0,0,0,30645,31000,61645
ROCKHAMPTON,ROK,2011,5,29,32375,31886,64261,0,0,0,32375,31886,64261
ROCKHAMPTON,ROK,2011,6,30,31658,32006,63664,0,0,0,31658,32006,63664
ROCKHAMPTON,ROK,2011,7,31,33714,33198,66912,0,0,0,33714,33198,66912
ROCKHAMPTON,ROK,2011,8,32,32043,32844,64887,0,0,0,32043,32844,64887
ROCKHAMPTON,ROK,2011,9,33,33314,33530,66844,0,0,0,33314,33530,66844
ROCKHAMPTON,ROK,2011,10,34,33143,33017,66160,0,0,0,33143,33017,66160
ROCKHAMPTON,ROK,2011,11,35,31283,31933,63216,0,0,0,31283,31933,63216
ROCKHAMPTON,ROK,2011,12,36,29789,31185,60974,0,0,0,29789,31185,60974
ROCKHAMPTON,ROK,2012,1,37,28848,26683,55531,0,0,0,28848,26683,55531
ROCKHAMPTON,ROK,2012,2,38,27803,28135,55938,0,0,0,27803,28135,55938
ROCKHAMPTON,ROK,2012,3,39,31965,32723,64688,0,0,0,31965,32723,64688
ROCKHAMPTON,ROK,2012,4,40,29104,28659,57763,0,0,0,29104,28659,57763
ROCKHAMPTON,ROK,2012,5,41,32553,33000,65553,0,0,0,32553,33000,65553
ROCKHAMPTON,ROK,2012,6,42,30958,31209,62167,0,0,0,30958,31209,62167
ROCKHAMPTON,ROK,2012,7,43,33126,32867,65993,0,0,0,33126,32867,65993
ROCKHAMPTON,ROK,2012,8,44,31761,32897,64658,0,0,0,31761,32897,64658
ROCKHAMPTON,ROK,2012,9,45,31267,31901,63168,0,0,0,31267,31901,63168
ROCKHAMPTON,ROK,2012,10,46,33144,32818,65962,0,0,0,33144,32818,65962
ROCKHAMPTON,ROK,2012,11,47,29891,31469,61360,0,0,0,29891,31469,61360
ROCKHAMPTON,ROK,2012,12,48,28130,29566,57696,0,0,0,28130,29566,57696
ROCKHAMPTON,ROK,2013,1,49,26053,25068,51121,0,0,0,26053,25068,51121
ROCKHAMPTON,ROK,2013,2,50,23351,23878,47229,0,0,0,23351,23878,47229
ROCKHAMPTON,ROK,2013,3,51,29902,30033,59935,0,0,0,29902,30033,59935
ROCKHAMPTON,ROK,2013,4,52,30121,29482,59603,0,0,0,30121,29482,59603
ROCKHAMPTON,ROK,2013,5,53,28301,29182,57483,0,0,0,28301,29182,57483
ROCKHAMPTON,ROK,2013,6,54,28477,28416,56893,0,0,0,28477,28416,56893
ROCKHAMPTON,ROK,2013,7,55,32536,32135,64671,0,0,0,32536,32135,64671
ROCKHAMPTON,ROK,2013,8,56,30445,31810,62255,0,0,0,30445,31810,62255
ROCKHAMPTON,ROK,2013,9,57,29872,29752,59624,0,0,0,29872,29752,59624
ROCKHAMPTON,ROK,2013,10,58,31967,31805,63772,0,0,0,31967,31805,63772
ROCKHAMPTON,ROK,2013,11,59,28088,28736,56824,0,0,0,28088,28736,56824
ROCKHAMPTON,ROK,2013,12,60,27947,29145,57092,0,0,0,27947,29145,57092
ROCKHAMPTON,ROK,2014,1,61,25175,24038,49213,0,0,0,25175,24038,49213
ROCKHAMPTON,ROK,2014,2,62,23180,23684,46864,0,0,0,23180,23684,46864
ROCKHAMPTON,ROK,2014,3,63,27884,27840,55724,0,0,0,27884,27840,55724
ROCKHAMPTON,ROK,2014,4,64,27499,27452,54951,0,0,0,27499,27452,54951
ROCKHAMPTON,ROK,2014,5,65,27343,28383,55726,0,0,0,27343,28383,55726
ROCKHAMPTON,ROK,2014,6,66,27393,27278,54671,0,0,0,27393,27278,54671
ROCKHAMPTON,ROK,2014,7,67,29036,29421,58457,0,0,0,29036,29421,58457
ROCKHAMPTON,ROK,2014,8,68,27277,28234,55511,0,0,0,27277,28234,55511
ROCKHAMPTON,ROK,2014,9,69,29157,28751,57908,0,0,0,29157,28751,57908
ROCKHAMPTON,ROK,2014,10,70,29349,29603,58952,0,0,0,29349,29603,58952
ROCKHAMPTON,ROK,2014,11,71,25794,26723,52517,0,0,0,25794,26723,52517
ROCKHAMPTON,ROK,2014,12,72,25108,25809,50917,0,0,0,25108,25809,50917
ROCKHAMPTON,ROK,2015,1,73,23029,21618,44647,0,0,0,23029,21618,44647
ROCKHAMPTON,ROK,2015,2,74,19713,19899,39612,0,0,0,19713,19899,39612
ROCKHAMPTON,ROK,2015,3,75,27755,27804,55559,0,0,0,27755,27804,55559
ROCKHAMPTON,ROK,2015,4,76,26068,26228,52296,0,0,0,26068,26228,52296
ROCKHAMPTON,ROK,2015,5,77,27726,28056,55782,0,0,0,27726,28056,55782
ROCKHAMPTON,ROK,2015,6,78,26538,26217,52755,0,0,0,26538,26217,52755
ROCKHAMPTON,ROK,2015,7,79,27714,28588,56302,0,0,0,27714,28588,56302
ROCKHAMPTON,ROK,2015,8,80,25644,25817,51461,0,0,0,25644,25817,51461
ROCKHAMPTON,ROK,2015,9,81,25941,26185,52126,0,0,0,25941,26185,52126
ROCKHAMPTON,ROK,2015,10,82,26606,26540,53146,0,0,0,26606,26540,53146
ROCKHAMPTON,ROK,2015,11,83,25321,26155,51476,0,0,0,25321,26155,51476
ROCKHAMPTON,ROK,2015,12,84,24365,24938,49303,0,0,0,24365,24938,49303
ROCKHAMPTON,ROK,2016,1,85,20585,19538,40123,0,0,0,20585,19538,40123
ROCKHAMPTON,ROK,2016,2,86,21204,20977,42181,0,0,0,21204,20977,42181
ROCKHAMPTON,ROK,2016,3,87,23995,24732,48727,0,0,0,23995,24732,48727
ROCKHAMPTON,ROK,2016,4,88,24289,23917,48206,0,0,0,24289,23917,48206
ROCKHAMPTON,ROK,2016,5,89,25201,25046,50247,0,0,0,25201,25046,50247
ROCKHAMPTON,ROK,2016,6,90,24694,24846,49540,0,0,0,24694,24846,49540
ROCKHAMPTON,ROK,2016,7,91,25130,25466,50596,0,0,0,25130,25466,50596
ROCKHAMPTON,ROK,2016,8,92,25307,25273,50580,0,0,0,25307,25273,50580
ROCKHAMPTON,ROK,2016,9,93,26180,26113,52293,0,0,0,26180,26113,52293
ROCKHAMPTON,ROK,2016,10,94,25428,25446,50874,0,0,0,25428,25446,50874
ROCKHAMPTON,ROK,2016,11,95,24719,25047,49766,0,0,0,24719,25047,49766
ROCKHAMPTON,ROK,2016,12,96,25262,25852,51114,0,0,0,25262,25852,51114
ROCKHAMPTON,ROK,2017,1,97,21665,20165,41830,0,0,0,21665,20165,41830
ROCKHAMPTON,ROK,2017,2,98,21090,20902,41992,0,0,0,21090,20902,41992
ROCKHAMPTON,ROK,2017,3,99,24218,25245,49463,0,0,0,24218,25245,49463
ROCKHAMPTON,ROK,2017,4,100,15131,14976,30107,0,0,0,15131,14976,30107
ROCKHAMPTON,ROK,2017,5,101,24313,24516,48829,0,0,0,24313,24516,48829
ROCKHAMPTON,ROK,2017,6,102,24567,23905,48472,0,0,0,24567,23905,48472
ROCKHAMPTON,ROK,2017,7,103,26291,26769,53060,0,0,0,26291,26769,53060
ROCKHAMPTON,ROK,2017,8,104,25111,24886,49997,0,0,0,25111,24886,49997
ROCKHAMPTON,ROK,2017,9,105,25076,24912,49988,0,0,0,25076,24912,49988
ROCKHAMPTON,ROK,2017,10,106,25201,25683,50884,0,0,0,25201,25683,50884
ROCKHAMPTON,ROK,2017,11,107,23202,23451,46653,0,0,0,23202,23451,46653
ROCKHAMPTON,ROK,2017,12,108,22595,22644,45239,0,0,0,22595,22644,45239
ROCKHAMPTON,ROK,2018,1,109,21014,19404,40418,0,0,0,21014,19404,40418
ROCKHAMPTON,ROK,2018,2,110,19329,19416,38745,0,0,0,19329,19416,38745
ROCKHAMPTON,ROK,2018,3,111,23895,23665,47560,0,0,0,23895,23665,47560
ROCKHAMPTON,ROK,2018,4,112,21851,21368,43219,0,0,0,21851,21368,43219
ROCKHAMPTON,ROK,2018,5,113,26196,25796,51992,0,0,0,26196,25796,51992
ROCKHAMPTON,ROK,2018,6,114,22731,23045,45776,0,0,0,22731,23045,45776
ROCKHAMPTON,ROK,2018,7,115,23750,23741,47491,0,0,0,23750,23741,47491
ROCKHAMPTON,ROK,2018,8,116,25001,25028,50029,0,0,0,25001,25028,50029
ROCKHAMPTON,ROK,2018,9,117,22995,23668,46663,0,0,0,22995,23668,46663
ROCKHAMPTON,ROK,2018,10,118,24857,24440,49297,0,0,0,24857,24440,49297
ROCKHAMPTON,ROK,2018,11,119,22684,23271,45955,0,0,0,22684,23271,45955
ROCKHAMPTON,ROK,2018,12,120,21740,22711,44451,0,0,0,21740,22711,44451
ROCKHAMPTON,ROK,2019,1,121,21021,19909,40930,0,0,0,21021,19909,40930
ROCKHAMPTON,ROK,2019,2,122,20247,20267,40514,0,0,0,20247,20267,40514
ROCKHAMPTON,ROK,2019,3,123,23204,23353,46557,0,0,0,23204,23353,46557
ROCKHAMPTON,ROK,2019,4,124,22961,22699,45660,0,0,0,22961,22699,45660
ROCKHAMPTON,ROK,2019,5,125,24496,24526,49022,0,0,0,24496,24526,49022
ROCKHAMPTON,ROK,2019,6,126,23208,22846,46054,0,0,0,23208,22846,46054
ROCKHAMPTON,ROK,2019,7,127,27086,27017,54103,0,0,0,27086,27017,54103
ROCKHAMPTON,ROK,2019,8,128,24649,25631,50280,0,0,0,24649,25631,50280
ROCKHAMPTON,ROK,2019,9,129,25279,24781,50060,0,0,0,25279,24781,50060
ROCKHAMPTON,ROK,2019,10,130,26365,26282,52647,0,0,0,26365,26282,52647
ROCKHAMPTON,ROK,2019,11,131,23925,24665,48590,0,0,0,23925,24665,48590
ROCKHAMPTON,ROK,2019,12,132,23304,23822,47126,0,0,0,23304,23822,47126
ROCKHAMPTON,ROK,2020,1,133,21682,20775,42457,0,0,0,21682,20775,42457
ROCKHAMPTON,ROK,2020,2,134,20718,20712,41430,0,0,0,20718,20712,41430
ROCKHAMPTON,ROK,2020,3,135,16383,15076,31459,0,0,0,16383,15076,31459
ROCKHAMPTON,ROK,2020,4,136,1234,1271,2505,0,0,0,1234,1271,2505
ROCKHAMPTON,ROK,2020,5,137,2071,2088,4159,0,0,0,2071,2088,4159
ROCKHAMPTON,ROK,2020,6,138,4595,4698,9293,0,0,0,4595,4698,9293
ROCKHAMPTON,ROK,2020,7,139,8535,8745,17280,0,0,0,8535,8745,17280
ROCKHAMPTON,ROK,2020,8,140,8972,9209,18181,0,0,0,8972,9209,18181
ROCKHAMPTON,ROK,2020,9,141,10594,10633,21227,0,0,0,10594,10633,21227
ROCKHAMPTON,ROK,2020,10,142,12598,13364,25962,0,0,0,12598,13364,25962
ROCKHAMPTON,ROK,2020,11,143,14346,14156,28502,0,0,0,14346,14156,28502
ROCKHAMPTON,ROK,2020,12,144,16667,16649,33316,0,0,0,16667,16649,33316
ROCKHAMPTON,ROK,2021,1,145,12142,12504,24646,0,0,0,12142,12504,24646
ROCKHAMPTON,ROK,2021,2,146,14433,14563,28996,0,0,0,14433,14563,28996
ROCKHAMPTON,ROK,2021,3,147,18678,18454,37132,0,0,0,18678,18454,37132
ROCKHAMPTON,ROK,2021,4,148,18320,18576,36896,0,0,0,18320,18576,36896
ROCKHAMPTON,ROK,2021,5,149,21818,21819,43637,0,0,0,21818,21819,43637
ROCKHAMPTON,ROK,2021,6,150,19783,19784,39567,0,0,0,19783,19784,39567
ROCKHAMPTON,ROK,2021,7,151,15748,16180,31928,0,0,0,15748,16180,31928
ROCKHAMPTON,ROK,2021,8,152,10187,9910,20097,0,0,0,10187,9910,20097
ROCKHAMPTON,ROK,2021,9,153,15913,16157,32070,0,0,0,15913,16157,32070
ROCKHAMPTON,ROK,2021,10,154,16260,16802,33062,0,0,0,16260,16802,33062
ROCKHAMPTON,ROK,2021,11,155,17545,17459,35004,0,0,0,17545,17459,35004
ROCKHAMPTON,ROK,2021,12,156,18646,18401,37047,0,0,0,18646,18401,37047
ROCKHAMPTON,ROK,2022,1,157,12526,12465,24991,0,0,0,12526,12465,24991
ROCKHAMPTON,ROK,2022,2,158,13441,13612,27053,0,0,0,13441,13612,27053
ROCKHAMPTON,ROK,2022,3,159,18543,19039,37582,0,0,0,18543,19039,37582
ROCKHAMPTON,ROK,2022,4,160,20984,21003,41987,0,0,0,20984,21003,41987
ROCKHAMPTON,ROK,2022,5,161,22452,22360,44812,0,0,0,22452,22360,44812
ROCKHAMPTON,ROK,2022,6,162,22499,22892,45391,0,0,0,22499,22892,45391
ROCKHAMPTON,ROK,2022,7,163,22938,22747,45685,0,0,0,22938,22747,45685
ROCKHAMPTON,ROK,2022,8,164,22850,22597,45447,0,0,0,22850,22597,45447
ROCKHAMPTON,ROK,2022,9,165,21059,20981,42040,0,0,0,21059,20981,42040
ROCKHAMPTON,ROK,2022,10,166,21071,21898,42969,0,0,0,21071,21898,42969
ROCKHAMPTON,ROK,2022,11,167,22545,22441,44986,0,0,0,22545,22441,44986
ROCKHAMPTON,ROK,2022,12,168,20503,21265,41768,0,0,0,20503,21265,41768
ROCKHAMPTON,ROK,2023,1,169,19410,18552,37962,0,0,0,19410,18552,37962
ROCKHAMPTON,ROK,2023,2,170,19787,20157,39944,0,0,0,19787,20157,39944
ROCKHAMPTON,ROK,2023,3,171,26024,26325,52349,0,0,0,26024,26325,52349
ROCKHAMPTON,ROK,2023,4,172,25915,26023,51938,0,0,0,25915,26023,51938
ROCKHAMPTON,ROK,2023,5,173,28156,28295,56451,0,0,0,28156,28295,56451
ROCKHAMPTON,ROK,2023,6,174,28019,28025,56044,0,0,0,28019,28025,56044
ROCKHAMPTON,ROK,2023,7,175,30335,29536,59871,0,0,0,30335,29536,59871
ROCKHAMPTON,ROK,2023,8,176,28704,29340,58044,0,0,0,28704,29340,58044
ROCKHAMPTON,ROK,2023,9,177,28901,28755,57656,0,0,0,28901,28755,57656
ROCKHAMPTON,ROK,2023,10,178,28628,28335,56963,0,0,0,28628,28335,56963
ROCKHAMPTON,ROK,2023,11,179,27258,27927,55185,0,0,0,27258,27927,55185
ROCKHAMPTON,ROK,2023,12,180,25308,25068,50376,0,0,0,25308,25068,50376
ROCKHAMPTON,ROK,2024,1,181,23137,21781,44918,0,0,0,23137,21781,44918
ROCKHAMPTON,ROK,2024,2,182,24804,25222,50026,0,0,0,24804,25222,50026
ROCKHAMPTON,ROK,2024,3,183,28398,27865,56263,0,0,0,28398,27865,56263
ROCKHAMPTON,ROK,2024,4,184,28965,28067,57032,0,0,0,28965,28067,57032
ROCKHAMPTON,ROK,2024,5,185,28542,29108,57650,0,0,0,28542,29108,57650
ROCKHAMPTON,ROK,2024,6,186,25919,26335,52254,0,0,0,25919,26335,52254
ROCKHAMPTON,ROK,2024,7,187,28178,27538,55716,0,0,0,28178,27538,55716
ROCKHAMPTON,ROK,2024,8,188,27432,28233,55665,0,0,0,27432,28233,55665
ROCKHAMPTON,ROK,2024,9,189,29304,28759,58063,0,0,0,29304,28759,58063
ROCKHAMPTON,ROK,2024,10,190,29814,30319,60133,0,0,0,29814,30319,60133
ROCKHAMPTON,ROK,2024,11,191,27648,28852,56500,0,0,0,27648,28852,56500
ROCKHAMPTON,ROK,2024,12,192,25418,26248,51666,0,0,0,25418,26248,51666
ROCKHAMPTON,ROK,2025,1,193,23942,22920,46862,0,0,0,23942,22920,46862
ROCKHAMPTON,ROK,2025,2,194,23275,23914,47189,0,0,0,23275,23914,47189
ROCKHAMPTON,ROK,2025,3,195,24539,23995,48534,0,0,0,24539,23995,48534
ROCKHAMPTON,ROK,2025,4,196,26381,25934,52315,0,0,0,26381,25934,52315
ROCKHAMPTON,ROK,2025,5,197,28234,28917,57151,0,0,0,28234,28917,57151
ROCKHAMPTON,ROK,2025,6,198,27523,27281,54804,0,0,0,27523,27281,54804
SUNSHINE COAST,MCY,2009,1,1,45697,47665,93362,0,0,0,45697,47665,93362
SUNSHINE COAST,MCY,2009,2,2,31655,31563,63218,0,0,0,31655,31563,63218
SUNSHINE COAST,MCY,2009,3,3,35955,35832,71787,0,0,0,35955,35832,71787
SUNSHINE COAST,MCY,2009,4,4,37483,37954,75437,0,0,0,37483,37954,75437
SUNSHINE COAST,MCY,2009,5,5,34213,34168,68381,0,0,0,34213,34168,68381
SUNSHINE COAST,MCY,2009,6,6,31734,30909,62643,0,0,0,31734,30909,62643
SUNSHINE COAST,MCY,2009,7,7,35748,34738,70486,0,0,0,35748,34738,70486
SUNSHINE COAST,MCY,2009,8,8,35999,35808,71807,0,0,0,35999,35808,71807
SUNSHINE COAST,MCY,2009,9,9,35010,34510,69520,0,0,0,35010,34510,69520
SUNSHINE COAST,MCY,2009,10,10,37978,38239,76217,0,0,0,37978,38239,76217
SUNSHINE COAST,MCY,2009,11,11,34449,36311,70760,0,0,0,34449,36311,70760
SUNSHINE COAST,MCY,2009,12,12,33817,31572,65389,0,0,0,33817,31572,65389
SUNSHINE COAST,MCY,2010,1,13,34713,37517,72230,0,0,0,34713,37517,72230
SUNSHINE COAST,MCY,2010,2,14,28925,29019,57944,0,0,0,28925,29019,57944
SUNSHINE COAST,MCY,2010,3,15,31817,30574,62391,0,0,0,31817,30574,62391
SUNSHINE COAST,MCY,2010,4,16,34920,36742,71662,0,0,0,34920,36742,71662
SUNSHINE COAST,MCY,2010,5,17,31064,31888,62952,0,0,0,31064,31888,62952
SUNSHINE COAST,MCY,2010,6,18,30986,30062,61048,0,0,0,30986,30062,61048
SUNSHINE COAST,MCY,2010,7,19,39239,38214,77453,0,0,0,39239,38214,77453
SUNSHINE COAST,MCY,2010,8,20,36256,36552,72808,0,0,0,36256,36552,72808
SUNSHINE COAST,MCY,2010,9,21,40102,37481,77583,0,0,0,40102,37481,77583
SUNSHINE COAST,MCY,2010,10,22,41486,43119,84605,0,0,0,41486,43119,84605
SUNSHINE COAST,MCY,2010,11,23,39243,40850,80093,0,0,0,39243,40850,80093
SUNSHINE COAST,MCY,2010,12,24,42747,40153,82900,0,0,0,42747,40153,82900
SUNSHINE COAST,MCY,2011,1,25,41828,47366,89194,0,0,0,41828,47366,89194
SUNSHINE COAST,MCY,2011,2,26,30150,30658,60808,0,0,0,30150,30658,60808
SUNSHINE COAST,MCY,2011,3,27,36120,35698,71818,0,0,0,36120,35698,71818
SUNSHINE COAST,MCY,2011,4,28,43279,42511,85790,0,0,0,43279,42511,85790
SUNSHINE COAST,MCY,2011,5,29,33996,34824,68820,0,0,0,33996,34824,68820
SUNSHINE COAST,MCY,2011,6,30,31320,30983,62303,0,0,0,31320,30983,62303
SUNSHINE COAST,MCY,2011,7,31,39098,37432,76530,0,0,0,39098,37432,76530
SUNSHINE COAST,MCY,2011,8,32,31928,32338,64266,0,0,0,31928,32338,64266
SUNSHINE COAST,MCY,2011,9,33,36209,33826,70035,0,0,0,36209,33826,70035
SUNSHINE COAST,MCY,2011,10,34,34464,36932,71396,0,0,0,34464,36932,71396
SUNSHINE COAST,MCY,2011,11,35,31538,33287,64825,0,0,0,31538,33287,64825
SUNSHINE COAST,MCY,2011,12,36,36982,34648,71630,0,0,0,36982,34648,71630
SUNSHINE COAST,MCY,2012,1,37,38159,41261,79420,0,0,0,38159,41261,79420
SUNSHINE COAST,MCY,2012,2,38,27076,27246,54322,0,0,0,27076,27246,54322
SUNSHINE COAST,MCY,2012,3,39,30082,29475,59557,0,0,0,30082,29475,59557
SUNSHINE COAST,MCY,2012,4,40,32772,32788,65560,0,0,0,32772,32788,65560
SUNSHINE COAST,MCY,2012,5,41,28420,29068,57488,0,0,0,28420,29068,57488
SUNSHINE COAST,MCY,2012,6,42,28911,27169,56080,0,0,0,28911,27169,56080
SUNSHINE COAST,MCY,2012,7,43,33872,33736,67608,1229,1055,2284,35101,34791,69892
SUNSHINE COAST,MCY,2012,8,44,29763,29595,59358,1029,1003,2032,30792,30598,61390
SUNSHINE COAST,MCY,2012,9,45,37430,35925,73355,606,791,1397,38036,36716,74752
SUNSHINE COAST,MCY,2012,10,46,35579,37586,73165,0,0,0,35579,37586,73165
SUNSHINE COAST,MCY,2012,11,47,34918,36027,70945,0,0,0,34918,36027,70945
SUNSHINE COAST,MCY,2012,12,48,37389,35415,72804,0,0,0,37389,35415,72804
SUNSHINE COAST,MCY,2013,1,49,36254,38189,74443,0,0,0,36254,38189,74443
SUNSHINE COAST,MCY,2013,2,50,24714,24656,49370,0,0,0,24714,24656,49370
SUNSHINE COAST,MCY,2013,3,51,32048,30913,62961,0,0,0,32048,30913,62961
SUNSHINE COAST,MCY,2013,4,52,36161,37327,73488,0,0,0,36161,37327,73488
SUNSHINE COAST,MCY,2013,5,53,29685,30278,59963,0,0,0,29685,30278,59963
SUNSHINE COAST,MCY,2013,6,54,33169,31801,64970,511,329,840,33680,32130,65810
SUNSHINE COAST,MCY,2013,7,55,37078,37819,74897,1162,1071,2233,38240,38890,77130
SUNSHINE COAST,MCY,2013,8,56,36603,35762,72365,1044,982,2026,37647,36744,74391
SUNSHINE COAST,MCY,2013,9,57,41230,39147,80377,1128,1136,2264,42358,40283,82641
SUNSHINE COAST,MCY,2013,10,58,40790,42214,83004,553,489,1042,41343,42703,84046
SUNSHINE COAST,MCY,2013,11,59,38361,39769,78130,0,0,0,38361,39769,78130
SUNSHINE COAST,MCY,2013,12,60,42692,41439,84131,0,0,0,42692,41439,84131
SUNSHINE COAST,MCY,2014,1,61,43005,46710,89715,0,0,0,43005,46710,89715
SUNSHINE COAST,MCY,2014,2,62,29074,29820,58894,0,0,0,29074,29820,58894
SUNSHINE COAST,MCY,2014,3,63,35429,35329,70758,0,0,0,35429,35329,70758
SUNSHINE COAST,MCY,2014,4,64,38492,37941,76433,0,0,0,38492,37941,76433
SUNSHINE COAST,MCY,2014,5,65,30745,31349,62094,0,0,0,30745,31349,62094
SUNSHINE COAST,MCY,2014,6,66,32016,30493,62509,278,183,461,32294,30676,62970
SUNSHINE COAST,MCY,2014,7,67,36813,37428,74241,1508,1203,2711,38321,38631,76952
SUNSHINE COAST,MCY,2014,8,68,32624,32124,64748,1373,1191,2564,33997,33315,67312
SUNSHINE COAST,MCY,2014,9,69,38614,37179,75793,1234,1210,2444,39848,38389,78237
SUNSHINE COAST,MCY,2014,10,70,39738,40931,80669,1022,1046,2068,40760,41977,82737
SUNSHINE COAST,MCY,2014,11,71,35622,36709,72331,0,0,0,35622,36709,72331
SUNSHINE COAST,MCY,2014,12,72,37877,36038,73915,0,0,0,37877,36038,73915
SUNSHINE COAST,MCY,2015,1,73,37890,42048,79938,0,0,0,37890,42048,79938
SUNSHINE COAST,MCY,2015,2,74,26196,25986,52182,0,0,0,26196,25986,52182
SUNSHINE COAST,MCY,2015,3,75,32867,31577,64444,0,0,0,32867,31577,64444
SUNSHINE COAST,MCY,2015,4,76,36413,38432,74845,0,0,0,36413,38432,74845
SUNSHINE COAST,MCY,2015,5,77,29833,30090,59923,0,0,0,29833,30090,59923
SUNSHINE COAST,MCY,2015,6,78,33566,31083,64649,277,164,441,33843,31247,65090
SUNSHINE COAST,MCY,2015,7,79,39430,40072,79502,1771,1381,3152,41201,41453,82654
SUNSHINE COAST,MCY,2015,8,80,37099,37056,74155,1625,1570,3195,38724,38626,77350
SUNSHINE COAST,MCY,2015,9,81,44012,41811,85823,1643,1593,3236,45655,43404,89059
SUNSHINE COAST,MCY,2015,10,82,43308,45063,88371,1104,1133,2237,44412,46196,90608
SUNSHINE COAST,MCY,2015,11,83,39106,40016,79122,0,0,0,39106,40016,79122
SUNSHINE COAST,MCY,2015,12,84,43719,41433,85152,636,701,1337,44355,42134,86489
SUNSHINE COAST,MCY,2016,1,85,42454,47148,89602,1157,1031,2188,43611,48179,91790
SUNSHINE COAST,MCY,2016,2,86,31549,31537,63086,799,791,1590,32348,32328,64676
SUNSHINE COAST,MCY,2016,3,87,38086,37653,75739,0,0,0,38086,37653,75739
SUNSHINE COAST,MCY,2016,4,88,40425,41283,81708,0,0,0,40425,41283,81708
SUNSHINE COAST,MCY,2016,5,89,34073,34407,68480,0,0,0,34073,34407,68480
SUNSHINE COAST,MCY,2016,6,90,36604,33840,70444,0,0,0,36604,33840,70444
SUNSHINE COAST,MCY,2016,7,91,45489,45561,91050,2074,1472,3546,47563,47033,94596
SUNSHINE COAST,MCY,2016,8,92,38254,38622,76876,1740,1512,3252,39994,40134,80128
SUNSHINE COAST,MCY,2016,9,93,46247,44443,90690,1894,1746,3640,48141,46189,94330
SUNSHINE COAST,MCY,2016,10,94,47646,48922,96568,1663,1627,3290,49309,50549,99858
SUNSHINE COAST,MCY,2016,11,95,44417,46669,91086,0,0,0,44417,46669,91086
SUNSHINE COAST,MCY,2016,12,96,50172,47251,97423,0,0,0,50172,47251,97423
SUNSHINE COAST,MCY,2017,1,97,49190,53993,103183,0,0,0,49190,53993,103183
SUNSHINE COAST,MCY,2017,2,98,34293,34971,69264,0,0,0,34293,34971,69264
SUNSHINE COAST,MCY,2017,3,99,40638,40397,81035,0,0,0,40638,40397,81035
SUNSHINE COAST,MCY,2017,4,100,50593,50278,100871,0,0,0,50593,50278,100871
SUNSHINE COAST,MCY,2017,5,101,37113,37748,74861,0,0,0,37113,37748,74861
SUNSHINE COAST,MCY,2017,6,102,38577,36242,74819,0,0,0,38577,36242,74819
SUNSHINE COAST,MCY,2017,7,103,50839,49711,100550,1948,1355,3303,52787,51066,103853
SUNSHINE COAST,MCY,2017,8,104,42229,43299,85528,1776,1463,3239,44005,44762,88767
SUNSHINE COAST,MCY,2017,9,105,51975,48898,100873,1839,1731,3570,53814,50629,104443
SUNSHINE COAST,MCY,2017,10,106,53541,57037,110578,1882,1725,3607,55423,58762,114185
SUNSHINE COAST,MCY,2017,11,107,49954,51052,101006,0,0,0,49954,51052,101006
SUNSHINE COAST,MCY,2017,12,108,57051,53346,110397,0,0,0,57051,53346,110397
SUNSHINE COAST,MCY,2018,1,109,56675,62979,119654,0,0,0,56675,62979,119654
SUNSHINE COAST,MCY,2018,2,110,39789,40298,80087,0,0,0,39789,40298,80087
SUNSHINE COAST,MCY,2018,3,111,48749,46397,95146,0,0,0,48749,46397,95146
SUNSHINE COAST,MCY,2018,4,112,50703,52628,103331,0,0,0,50703,52628,103331
SUNSHINE COAST,MCY,2018,5,113,41866,42680,84546,0,0,0,41866,42680,84546
SUNSHINE COAST,MCY,2018,6,114,42877,40596,83473,0,0,0,42877,40596,83473
SUNSHINE COAST,MCY,2018,7,115,55230,54396,109626,1943,1380,3323,57173,55776,112949
SUNSHINE COAST,MCY,2018,8,116,51496,51623,103119,2175,1991,4166,53671,53614,107285
SUNSHINE COAST,MCY,2018,9,117,55141,53132,108273,1918,1727,3645,57059,54859,111918
SUNSHINE COAST,MCY,2018,10,118,56206,58514,114720,1583,1586,3169,57789,60100,117889
SUNSHINE COAST,MCY,2018,11,119,53067,53467,106534,0,0,0,53067,53467,106534
SUNSHINE COAST,MCY,2018,12,120,57912,54181,112093,0,0,0,57912,54181,112093
SUNSHINE COAST,MCY,2019,1,121,55988,61362,117350,0,0,0,55988,61362,117350
SUNSHINE COAST,MCY,2019,2,122,38801,39935,78736,0,0,0,38801,39935,78736
SUNSHINE COAST,MCY,2019,3,123,48596,47462,96058,0,0,0,48596,47462,96058
SUNSHINE COAST,MCY,2019,4,124,57922,57602,115524,0,0,0,57922,57602,115524
SUNSHINE COAST,MCY,2019,5,125,45297,45610,90907,0,0,0,45297,45610,90907
SUNSHINE COAST,MCY,2019,6,126,46464,43854,90318,0,0,0,46464,43854,90318
SUNSHINE COAST,MCY,2019,7,127,57693,57053,114746,1830,1209,3039,59523,58262,117785
SUNSHINE COAST,MCY,2019,8,128,52112,51992,104104,1994,1631,3625,54106,53623,107729
SUNSHINE COAST,MCY,2019,9,129,59157,56402,115559,2012,1844,3856,61169,58246,119415
SUNSHINE COAST,MCY,2019,10,130,59624,62335,121959,1252,1312,2564,60876,63647,124523
SUNSHINE COAST,MCY,2019,11,131,54862,55816,110678,0,0,0,54862,55816,110678
SUNSHINE COAST,MCY,2019,12,132,58993,55020,114013,0,0,0,58993,55020,114013
SUNSHINE COAST,MCY,2020,1,133,49802,53319,103121,0,0,0,49802,53319,103121
SUNSHINE COAST,MCY,2020,2,134,40821,41262,82083,0,0,0,40821,41262,82083
SUNSHINE COAST,MCY,2020,3,135,30794,31890,62684,0,0,0,30794,31890,62684
SUNSHINE COAST,MCY,2020,4,136,0,0,0,0,0,0,0,0,0
SUNSHINE COAST,MCY,2020,5,137,0,0,0,0,0,0,0,0,0
SUNSHINE COAST,MCY,2020,6,138,0,0,0,0,0,0,0,0,0
SUNSHINE COAST,MCY,2020,7,139,4595,4152,8747,0,0,0,4595,4152,8747
SUNSHINE COAST,MCY,2020,8,140,1032,1717,2749,0,0,0,1032,1717,2749
SUNSHINE COAST,MCY,2020,9,141,2320,2238,4558,0,0,0,2320,2238,4558
SUNSHINE COAST,MCY,2020,10,142,3472,3484,6956,0,0,0,3472,3484,6956
SUNSHINE COAST,MCY,2020,11,143,3424,3869,7293,0,0,0,3424,3869,7293
SUNSHINE COAST,MCY,2020,12,144,27355,21832,49187,0,0,0,27355,21832,49187
SUNSHINE COAST,MCY,2021,1,145,25047,32503,57550,0,0,0,25047,32503,57550
SUNSHINE COAST,MCY,2021,2,146,21393,22134,43527,0,0,0,21393,22134,43527
SUNSHINE COAST,MCY,2021,3,147,43943,41218,85161,0,0,0,43943,41218,85161
SUNSHINE COAST,MCY,2021,4,148,61111,62531,123642,0,0,0,61111,62531,123642
SUNSHINE COAST,MCY,2021,5,149,46629,47419,94048,0,0,0,46629,47419,94048
SUNSHINE COAST,MCY,2021,6,150,31625,29496,61121,0,0,0,31625,29496,61121
SUNSHINE COAST,MCY,2021,7,151,10807,16435,27242,202,310,512,11009,16745,27754
SUNSHINE COAST,MCY,2021,8,152,1300,2373,3673,0,0,0,1300,2373,3673
SUNSHINE COAST,MCY,2021,9,153,2662,3240,5902,0,0,0,2662,3240,5902
SUNSHINE COAST,MCY,2021,10,154,3101,3768,6869,0,0,0,3101,3768,6869
SUNSHINE COAST,MCY,2021,11,155,2922,3309,6231,0,0,0,2922,3309,6231
SUNSHINE COAST,MCY,2021,12,156,36858,24375,61233,0,0,0,36858,24375,61233
SUNSHINE COAST,MCY,2022,1,157,49489,58181,107670,0,0,0,49489,58181,107670
SUNSHINE COAST,MCY,2022,2,158,41318,41978,83296,0,0,0,41318,41978,83296
SUNSHINE COAST,MCY,2022,3,159,56238,56662,112900,0,0,0,56238,56662,112900
SUNSHINE COAST,MCY,2022,4,160,78320,76472,154792,0,0,0,78320,76472,154792
SUNSHINE COAST,MCY,2022,5,161,60284,62428,122712,0,0,0,60284,62428,122712
SUNSHINE COAST,MCY,2022,6,162,64883,58958,123841,0,0,0,64883,58958,123841
SUNSHINE COAST,MCY,2022,7,163,67840,70187,138027,898,718,1616,68738,70905,139643
SUNSHINE COAST,MCY,2022,8,164,58136,59006,117142,1211,1162,2373,59347,60168,119515
SUNSHINE COAST,MCY,2022,9,165,68869,65593,134462,1147,1224,2371,70016,66817,136833
SUNSHINE COAST,MCY,2022,10,166,67500,70500,138000,769,773,1542,68269,71273,139542
SUNSHINE COAST,MCY,2022,11,167,59695,63256,122951,0,0,0,59695,63256,122951
SUNSHINE COAST,MCY,2022,12,168,67791,61949,129740,0,0,0,67791,61949,129740
SUNSHINE COAST,MCY,2023,1,169,66640,72901,139541,0,0,0,66640,72901,139541
SUNSHINE COAST,MCY,2023,2,170,51830,51874,103704,0,0,0,51830,51874,103704
SUNSHINE COAST,MCY,2023,3,171,68061,68114,136175,0,0,0,68061,68114,136175
SUNSHINE COAST,MCY,2023,4,172,82618,81416,164034,0,0,0,82618,81416,164034
SUNSHINE COAST,MCY,2023,5,173,70948,71211,142159,0,0,0,70948,71211,142159
SUNSHINE COAST,MCY,2023,6,174,76961,71507,148468,433,287,720,77394,71794,149188
SUNSHINE COAST,MCY,2023,7,175,88757,88579,177336,1753,1577,3330,90510,90156,180666
SUNSHINE COAST,MCY,2023,8,176,76817,76271,153088,1585,1609,3194,78402,77880,156282
SUNSHINE COAST,MCY,2023,9,177,84121,81211,165332,1809,1791,3600,85930,83002,168932
SUNSHINE COAST,MCY,2023,10,178,83839,87512,171351,866,1073,1939,84705,88585,173290
SUNSHINE COAST,MCY,2023,11,179,81030,82314,163344,0,0,0,81030,82314,163344
SUNSHINE COAST,MCY,2023,12,180,93823,85783,179606,0,0,0,93823,85783,179606
SUNSHINE COAST,MCY,2024,1,181,86439,95264,181703,0,0,0,86439,95264,181703
SUNSHINE COAST,MCY,2024,2,182,71221,71108,142329,0,0,0,71221,71108,142329
SUNSHINE COAST,MCY,2024,3,183,80846,77795,158641,0,0,0,80846,77795,158641
SUNSHINE COAST,MCY,2024,4,184,79092,82672,161764,0,0,0,79092,82672,161764
SUNSHINE COAST,MCY,2024,5,185,58623,57977,116600,0,0,0,58623,57977,116600
SUNSHINE COAST,MCY,2024,6,186,57867,56029,113896,360,171,531,58227,56200,114427
SUNSHINE COAST,MCY,2024,7,187,66390,64841,131231,1895,1588,3483,68285,66429,134714
SUNSHINE COAST,MCY,2024,8,188,61442,60533,121975,1658,1574,3232,63100,62107,125207
SUNSHINE COAST,MCY,2024,9,189,64955,62546,127501,1757,1840,3597,66712,64386,131098
SUNSHINE COAST,MCY,2024,10,190,66367,69379,135746,1243,1327,2570,67610,70706,138316
SUNSHINE COAST,MCY,2024,11,191,69878,72170,142048,0,0,0,69878,72170,142048
SUNSHINE COAST,MCY,2024,12,192,80776,74650,155426,1135,1389,2524,81911,76039,157950
SUNSHINE COAST,MCY,2025,1,193,79593,85275,164868,2151,1829,3980,81744,87104,168848
SUNSHINE COAST,MCY,2025,2,194,56202,57390,113592,1236,1460,2696,57438,58850,116288
SUNSHINE COAST,MCY,2025,3,195,59844,59123,118967,1173,1045,2218,61017,60168,121185
SUNSHINE COAST,MCY,2025,4,196,66429,66436,132865,2093,1920,4013,68522,68356,136878
SUNSHINE COAST,MCY,2025,5,197,62674,62305,124979,1576,1507,3083,64250,63812,128062
SUNSHINE COAST,MCY,2025,6,198,62818,62916,125734,2151,1938,4089,64969,64854,129823
SYDNEY,SYD,2009,1,1,917544,929969,1847513,539079,457378,996457,1456623,1387347,2843970
SYDNEY,SYD,2009,2,2,834495,839110,1673605,428010,373914,801924,1262505,1213024,2475529
SYDNEY,SYD,2009,3,3,939082,935750,1874832,410673,411020,821693,1349755,1346770,2696525
SYDNEY,SYD,2009,4,4,920109,921212,1841321,429137,441485,870622,1349246,1362697,2711943
SYDNEY,SYD,2009,5,5,863230,854928,1718158,364220,395190,759410,1227450,1250118,2477568
SYDNEY,SYD,2009,6,6,828894,819146,1648040,363355,404533,767888,1192249,1223679,2415928
SYDNEY,SYD,2009,7,7,930385,960770,1891155,494278,447070,941348,1424663,1407840,2832503
SYDNEY,SYD,2009,8,8,943864,938179,1882043,433893,430252,864145,1377757,1368431,2746188
SYDNEY,SYD,2009,9,9,956042,956379,1912421,443209,436480,879689,1399251,1392859,2792110
SYDNEY,SYD,2009,10,10,1041829,1055951,2097780,523927,451566,975493,1565756,1507517,3073273
SYDNEY,SYD,2009,11,11,1004912,997604,2002516,440305,453940,894245,1445217,1451544,2896761
SYDNEY,SYD,2009,12,12,993441,979947,1973388,498977,563379,1062356,1492418,1543326,3035744
SYDNEY,SYD,2010,1,13,938593,953550,1892143,589167,521511,1110678,1527760,1475061,3002821
SYDNEY,SYD,2010,2,14,940950,936409,1877359,474091,424962,899053,1415041,1361371,2776412
SYDNEY,SYD,2010,3,15,1024000,1027486,2051486,451545,474798,926343,1475545,1502284,2977829
SYDNEY,SYD,2010,4,16,1003151,995055,1998206,441331,445549,886880,1444482,1440604,2885086
SYDNEY,SYD,2010,5,17,954506,949785,1904291,380176,422964,803140,1334682,1372749,2707431
SYDNEY,SYD,2010,6,18,938476,929688,1868164,402125,465000,867125,1340601,1394688,2735289
SYDNEY,SYD,2010,7,19,1028127,1054596,2082723,546386,469414,1015800,1574513,1524010,3098523
SYDNEY,SYD,2010,8,20,1023426,1009868,2033294,457069,471363,928432,1480495,1481231,2961726
SYDNEY,SYD,2010,9,21,1016828,1042725,2059553,473067,489387,962454,1489895,1532112,3022007
SYDNEY,SYD,2010,10,22,1098050,1091897,2189947,549162,459725,1008887,1647212,1551622,3198834
SYDNEY,SYD,2010,11,23,1056752,1051838,2108590,465698,478625,944323,1522450,1530463,3052913
SYDNEY,SYD,2010,12,24,1073348,1055700,2129048,514182,588240,1102422,1587530,1643940,3231470
SYDNEY,SYD,2011,1,25,990667,996394,1987061,617807,541526,1159333,1608474,1537920,3146394
SYDNEY,SYD,2011,2,26,925854,929005,1854859,487786,428500,916286,1413640,1357505,2771145
SYDNEY,SYD,2011,3,27,1039009,1034790,2073799,446942,456003,902945,1485951,1490793,2976744
SYDNEY,SYD,2011,4,28,1024659,1014734,2039393,466420,499769,966189,1491079,1514503,3005582
SYDNEY,SYD,2011,5,29,978205,970336,1948541,409295,443458,852753,1387500,1413794,2801294
SYDNEY,SYD,2011,6,30,901802,905444,1807246,404433,480056,884489,1306235,1385500,2691735
SYDNEY,SYD,2011,7,31,1022596,1041581,2064177,563461,476698,1040159,1586057,1518279,3104336
SYDNEY,SYD,2011,8,32,1010698,993479,2004177,462526,475601,938127,1473224,1469080,2942304
SYDNEY,SYD,2011,9,33,993432,1015818,2009250,482585,511900,994485,1476017,1527718,3003735
SYDNEY,SYD,2011,10,34,1032168,1027640,2059808,566982,463447,1030429,1599150,1491087,3090237
SYDNEY,SYD,2011,11,35,1023583,1019531,2043114,471165,480997,952162,1494748,1500528,2995276
SYDNEY,SYD,2011,12,36,1023737,1010189,2033926,516227,594998,1111225,1539964,1605187,3145151
SYDNEY,SYD,2012,1,37,976748,994534,1971282,636764,544134,1180898,1613512,1538668,3152180
SYDNEY,SYD,2012,2,38,922882,932060,1854942,502187,438793,940980,1425069,1370853,2795922
SYDNEY,SYD,2012,3,39,1045541,1031426,2076967,473869,498448,972317,1519410,1529874,3049284
SYDNEY,SYD,2012,4,40,1002005,1002316,2004321,493981,507349,1001330,1495986,1509665,3005651
SYDNEY,SYD,2012,5,41,986288,970793,1957081,415903,460344,876247,1402191,1431137,2833328
SYDNEY,SYD,2012,6,42,946941,943508,1890449,447918,531028,978946,1394859,1474536,2869395
SYDNEY,SYD,2012,7,43,1049721,1064864,2114585,585208,491435,1076643,1634929,1556299,3191228
SYDNEY,SYD,2012,8,44,1060628,1041343,2101971,490990,513955,1004945,1551618,1555298,3106916
SYDNEY,SYD,2012,9,45,1053607,1069913,2123520,512937,543135,1056072,1566544,1613048,3179592
SYDNEY,SYD,2012,10,46,1111778,1107024,2218802,582555,480934,1063489,1694333,1587958,3282291
SYDNEY,SYD,2012,11,47,1098924,1093331,2192255,503626,522024,1025650,1602550,1615355,3217905
SYDNEY,SYD,2012,12,48,1078993,1053709,2132702,556732,634944,1191676,1635725,1688653,3324378
SYDNEY,SYD,2013,1,49,1021964,1040218,2062182,651121,559445,1210566,1673085,1599663,3272748
SYDNEY,SYD,2013,2,50,938481,940265,1878746,513791,460487,974278,1452272,1400752,2853024
SYDNEY,SYD,2013,3,51,1063795,1050688,2114483,507531,532984,1040515,1571326,1583672,3154998
SYDNEY,SYD,2013,4,52,1054470,1048890,2103360,507852,520156,1028008,1562322,1569046,3131368
SYDNEY,SYD,2013,5,53,1004327,991223,1995550,447696,488558,936254,1452023,1479781,2931804
SYDNEY,SYD,2013,6,54,972477,974320,1946797,466995,542461,1009456,1439472,1516781,2956253
SYDNEY,SYD,2013,7,55,1101767,1102001,2203768,609690,529985,1139675,1711457,1631986,3343443
SYDNEY,SYD,2013,8,56,1076609,1058103,2134712,523344,542194,1065538,1599953,1600297,3200250
SYDNEY,SYD,2013,9,57,1042028,1061600,2103628,536112,561318,1097430,1578140,1622918,3201058
SYDNEY,SYD,2013,10,58,1149680,1144501,2294181,610674,497724,1108398,1760354,1642225,3402579
SYDNEY,SYD,2013,11,59,1088671,1080518,2169189,530129,542880,1073009,1618800,1623398,3242198
SYDNEY,SYD,2013,12,60,1113579,1096486,2210065,578786,671972,1250758,1692365,1768458,3460823
SYDNEY,SYD,2014,1,61,1065915,1082908,2148823,698668,608317,1306985,1764583,1691225,3455808
SYDNEY,SYD,2014,2,62,966175,953742,1919917,541240,495993,1037233,1507415,1449735,2957150
SYDNEY,SYD,2014,3,63,1075212,1065090,2140302,513803,530525,1044328,1589015,1595615,3184630
SYDNEY,SYD,2014,4,64,1054858,1046448,2101306,526287,566949,1093236,1581145,1613397,3194542
SYDNEY,SYD,2014,5,65,1017429,1001898,2019327,483268,509089,992357,1500697,1510987,3011684
SYDNEY,SYD,2014,6,66,972837,972810,1945647,463814,565678,1029492,1436651,1538488,2975139
SYDNEY,SYD,2014,7,67,1088070,1090076,2178146,613345,528745,1142090,1701415,1618821,3320236
SYDNEY,SYD,2014,8,68,1072351,1056340,2128691,524448,551983,1076431,1596799,1608323,3205122
SYDNEY,SYD,2014,9,69,1057089,1070473,2127562,535529,554031,1089560,1592618,1624504,3217122
SYDNEY,SYD,2014,10,70,1174641,1172420,2347061,616131,519670,1135801,1790772,1692090,3482862
SYDNEY,SYD,2014,11,71,1088111,1083123,2171234,542097,546503,1088600,1630208,1629626,3259834
SYDNEY,SYD,2014,12,72,1100833,1088258,2189091,593553,686169,1279722,1694386,1774427,3468813
SYDNEY,SYD,2015,1,73,1039522,1046901,2086423,711721,614666,1326387,1751243,1661567,3412810
SYDNEY,SYD,2015,2,74,973110,970584,1943694,563101,503262,1066363,1536211,1473846,3010057
SYDNEY,SYD,2015,3,75,1105157,1095693,2200850,557245,579473,1136718,1662402,1675166,3337568
SYDNEY,SYD,2015,4,76,1056659,1058151,2114810,547174,551891,1099065,1603833,1610042,3213875
SYDNEY,SYD,2015,5,77,1029545,1017224,2046769,488608,519255,1007863,1518153,1536479,3054632
SYDNEY,SYD,2015,6,78,983350,995667,1979017,487652,572404,1060056,1471002,1568071,3039073
SYDNEY,SYD,2015,7,79,1134247,1139638,2273885,643544,567433,1210977,1777791,1707071,3484862
SYDNEY,SYD,2015,8,80,1080332,1065663,2145995,553594,567291,1120885,1633926,1632954,3266880
SYDNEY,SYD,2015,9,81,1087857,1109278,2197135,572834,579569,1152403,1660691,1688847,3349538
SYDNEY,SYD,2015,10,82,1176002,1166705,2342707,639213,552224,1191437,1815215,1718929,3534144
SYDNEY,SYD,2015,11,83,1135940,1126558,2262498,570432,579909,1150341,1706372,1706467,3412839
SYDNEY,SYD,2015,12,84,1157667,1146169,2303836,643342,745391,1388733,1801009,1891560,3692569
SYDNEY,SYD,2016,1,85,1104447,1113703,2218150,781878,675908,1457786,1886325,1789611,3675936
SYDNEY,SYD,2016,2,86,1056881,1054242,2111123,636639,567917,1204556,1693520,1622159,3315679
SYDNEY,SYD,2016,3,87,1162751,1135735,2298486,601343,625198,1226541,1764094,1760933,3525027
SYDNEY,SYD,2016,4,88,1105980,1120670,2226650,602761,612185,1214946,1708741,1732855,3441596
SYDNEY,SYD,2016,5,89,1072295,1055096,2127391,526968,555830,1082798,1599263,1610926,3210189
SYDNEY,SYD,2016,6,90,1032639,1022740,2055379,524116,616675,1140791,1556755,1639415,3196170
SYDNEY,SYD,2016,7,91,1154741,1177544,2332285,719961,627148,1347109,1874702,1804692,3679394
SYDNEY,SYD,2016,8,92,1112898,1096154,2209052,601925,608827,1210752,1714823,1704981,3419804
SYDNEY,SYD,2016,9,93,1125415,1159911,2285326,617389,630118,1247507,1742804,1790029,3532833
SYDNEY,SYD,2016,10,94,1202970,1174544,2377514,693223,588318,1281541,1896193,1762862,3659055
SYDNEY,SYD,2016,11,95,1170274,1167166,2337440,605826,622927,1228753,1776100,1790093,3566193
SYDNEY,SYD,2016,12,96,1162146,1165002,2327148,681661,787236,1468897,1843807,1952238,3796045
SYDNEY,SYD,2017,1,97,1127330,1128197,2255527,835438,724531,1559969,1962768,1852728,3815496
SYDNEY,SYD,2017,2,98,1029813,1028231,2058044,655651,570218,1225869,1685464,1598449,3283913
SYDNEY,SYD,2017,3,99,1174197,1156629,2330826,614723,629062,1243785,1788920,1785691,3574611
SYDNEY,SYD,2017,4,100,1120311,1122762,2243073,664691,681401,1346092,1785002,1804163,3589165
SYDNEY,SYD,2017,5,101,1095571,1085506,2181077,562979,593638,1156617,1658550,1679144,3337694
SYDNEY,SYD,2017,6,102,1060307,1056841,2117148,569557,673314,1242871,1629864,1730155,3360019
SYDNEY,SYD,2017,7,103,1180867,1187367,2368234,760491,662542,1423033,1941358,1849909,3791267
SYDNEY,SYD,2017,8,104,1125981,1110360,2236341,644683,655860,1300543,1770664,1766220,3536884
SYDNEY,SYD,2017,9,105,1120569,1149275,2269844,657428,669922,1327350,1777997,1819197,3597194
SYDNEY,SYD,2017,10,106,1234112,1210014,2444126,727017,618485,1345502,1961129,1828499,3789628
SYDNEY,SYD,2017,11,107,1206765,1204038,2410803,644589,666967,1311556,1851354,1871005,3722359
SYDNEY,SYD,2017,12,108,1186961,1189870,2376831,720485,834514,1554999,1907446,2024384,3931830
SYDNEY,SYD,2018,1,109,1153562,1141771,2295333,852699,733634,1586333,2006261,1875405,3881666
SYDNEY,SYD,2018,2,110,1065983,1071878,2137861,696311,617701,1314012,1762294,1689579,3451873
SYDNEY,SYD,2018,3,111,1207474,1205485,2412959,676261,692921,1369182,1883735,1898406,3782141
SYDNEY,SYD,2018,4,112,1164271,1149887,2314158,672810,700606,1373416,1837081,1850493,3687574
SYDNEY,SYD,2018,5,113,1115328,1093690,2209018,605693,624178,1229871,1721021,1717868,3438889
SYDNEY,SYD,2018,6,114,1075953,1052376,2128329,592992,702206,1295198,1668945,1754582,3423527
SYDNEY,SYD,2018,7,115,1185423,1217202,2402625,793662,696321,1489983,1979085,1913523,3892608
SYDNEY,SYD,2018,8,116,1169183,1156881,2326064,675440,686667,1362107,1844623,1843548,3688171
SYDNEY,SYD,2018,9,117,1127214,1132581,2259795,672762,684833,1357595,1799976,1817414,3617390
SYDNEY,SYD,2018,10,118,1241043,1241669,2482712,779641,656652,1436293,2020684,1898321,3919005
SYDNEY,SYD,2018,11,119,1190236,1191362,2381598,663086,684189,1347275,1853322,1875551,3728873
SYDNEY,SYD,2018,12,120,1155410,1161411,2316821,734848,866372,1601220,1890258,2027783,3918041
SYDNEY,SYD,2019,1,121,1151296,1138031,2289327,887489,768912,1656401,2038785,1906943,3945728
SYDNEY,SYD,2019,2,122,1041047,1041948,2082995,707952,612960,1320912,1748999,1654908,3403907
SYDNEY,SYD,2019,3,123,1168035,1163665,2331700,656438,672111,1328549,1824473,1835776,3660249
SYDNEY,SYD,2019,4,124,1143091,1140011,2283102,681293,719809,1401102,1824384,1859820,3684204
SYDNEY,SYD,2019,5,125,1112636,1105077,2217713,641103,658543,1299646,1753739,1763620,3517359
SYDNEY,SYD,2019,6,126,1056674,1037459,2094133,609046,697055,1306101,1665720,1734514,3400234
SYDNEY,SYD,2019,7,127,1179466,1208057,2387523,758328,692756,1451084,1937794,1900813,3838607
SYDNEY,SYD,2019,8,128,1154302,1141216,2295518,688054,695834,1383888,1842356,1837050,3679406
SYDNEY,SYD,2019,9,129,1138830,1146456,2285286,668842,689778,1358620,1807672,1836234,3643906
SYDNEY,SYD,2019,10,130,1276535,1267353,2543888,759129,665258,1424387,2035664,1932611,3968275
SYDNEY,SYD,2019,11,131,1190189,1188233,2378422,677641,682256,1359897,1867830,1870489,3738319
SYDNEY,SYD,2019,12,132,1167955,1180842,2348797,728207,871647,1599854,1896162,2052489,3948651
SYDNEY,SYD,2020,1,133,1142353,1131604,2273957,877231,775800,1653031,2019584,1907404,3926988
SYDNEY,SYD,2020,2,134,1003957,983714,1987671,595097,506896,1101993,1599054,1490610,3089664
SYDNEY,SYD,2020,3,135,657237,661525,1318762,341102,344459,685561,998339,1005984,2004323
SYDNEY,SYD,2020,4,136,28082,20096,48178,7751,33619,41370,35833,53715,89548
SYDNEY,SYD,2020,5,137,33504,28774,62278,10119,20218,30337,43623,48992,92615
SYDNEY,SYD,2020,6,138,74605,65547,140152,12537,21934,34471,87142,87481,174623
SYDNEY,SYD,2020,7,139,134227,140497,274724,12877,29798,42675,147104,170295,317399
SYDNEY,SYD,2020,8,140,55176,35022,90198,9825,28770,38595,65001,63792,128793
SYDNEY,SYD,2020,9,141,51249,45899,97148,10035,24897,34932,61284,70796,132080
SYDNEY,SYD,2020,10,142,96350,89142,185492,13108,23983,37091,109458,113125,222583
SYDNEY,SYD,2020,11,143,158324,148823,307147,15900,24368,40268,174224,173191,347415
SYDNEY,SYD,2020,12,144,322699,336374,659073,16152,26436,42588,338851,362810,701661
SYDNEY,SYD,2021,1,145,114029,82773,196802,11032,20684,31716,125061,103457,228518
SYDNEY,SYD,2021,2,146,292959,302746,595705,9983,14635,24618,302942,317381,620323
SYDNEY,SYD,2021,3,147,556632,564536,1121168,13957,15381,29338,570589,579917,1150506
SYDNEY,SYD,2021,4,148,750556,738789,1489345,21742,27003,48745,772298,765792,1538090
SYDNEY,SYD,2021,5,149,676101,671249,1347350,41234,42708,83942,717335,713957,1431292
SYDNEY,SYD,2021,6,150,453658,451817,905475,39699,40536,80235,493357,492353,985710
SYDNEY,SYD,2021,7,151,40553,27111,67664,12380,19811,32191,52933,46922,99855
SYDNEY,SYD,2021,8,152,13222,11544,24766,7955,18448,26403,21177,29992,51169
SYDNEY,SYD,2021,9,153,12745,9916,22661,4410,14062,18472,17155,23978,41133
SYDNEY,SYD,2021,10,154,25530,19808,45338,3662,15753,19415,29192,35561,64753
SYDNEY,SYD,2021,11,155,205713,200654,406367,42178,49870,92048,247891,250524,498415
SYDNEY,SYD,2021,12,156,454384,494734,949118,112764,129642,242406,567148,624376,1191524
SYDNEY,SYD,2022,1,157,485546,464651,950197,153721,103167,256888,639267,567818,1207085
SYDNEY,SYD,2022,2,158,494968,506011,1000979,134032,88762,222794,629000,594773,1223773
SYDNEY,SYD,2022,3,159,749213,751972,1501185,177024,160206,337230,926237,912178,1838415
SYDNEY,SYD,2022,4,160,971618,965691,1937309,259434,279098,538532,1231052,1244789,2475841
SYDNEY,SYD,2022,5,161,917829,913466,1831295,287411,289660,577071,1205240,1203126,2408366
SYDNEY,SYD,2022,6,162,939255,934024,1873279,319268,376620,695888,1258523,1310644,2569167
SYDNEY,SYD,2022,7,163,991750,998766,1990516,449878,404429,854307,1441628,1403195,2844823
SYDNEY,SYD,2022,8,164,934771,926384,1861155,420285,385639,805924,1355056,1312023,2667079
SYDNEY,SYD,2022,9,165,962376,987040,1949416,433437,429297,862734,1395813,1416337,2812150
SYDNEY,SYD,2022,10,166,1037067,1008502,2045569,491670,415469,907139,1528737,1423971,2952708
SYDNEY,SYD,2022,11,167,1002829,992588,1995417,484849,489552,974401,1487678,1482140,2969818
SYDNEY,SYD,2022,12,168,964858,971746,1936604,529261,621131,1150392,1494119,1592877,3086996
SYDNEY,SYD,2023,1,169,948915,939497,1888412,671268,574067,1245335,1620183,1513564,3133747
SYDNEY,SYD,2023,2,170,861434,863783,1725217,566934,453954,1020888,1428368,1317737,2746105
SYDNEY,SYD,2023,3,171,1031011,1047451,2078462,551400,551878,1103278,1582411,1599329,3181740
SYDNEY,SYD,2023,4,172,989792,971078,1960870,560311,570535,1130846,1550103,1541613,3091716
SYDNEY,SYD,2023,5,173,966916,964192,1931108,534733,553471,1088204,1501649,1517663,3019312
SYDNEY,SYD,2023,6,174,953000,941898,1894898,543365,626860,1170225,1496365,1568758,3065123
SYDNEY,SYD,2023,7,175,1025041,1047334,2072375,705713,602013,1307726,1730754,1649347,3380101
SYDNEY,SYD,2023,8,176,1017021,1001240,2018261,624566,612723,1237289,1641587,1613963,3255550
SYDNEY,SYD,2023,9,177,1035511,1058562,2094073,638554,640991,1279545,1674065,1699553,3373618
SYDNEY,SYD,2023,10,178,1106033,1077919,2183952,695855,594999,1290854,1801888,1672918,3474806
SYDNEY,SYD,2023,11,179,1080530,1067998,2148528,624043,641640,1265683,1704573,1709638,3414211
SYDNEY,SYD,2023,12,180,1039226,1043350,2082576,680443,818725,1499168,1719669,1862075,3581744
SYDNEY,SYD,2024,1,181,1015444,1015279,2030723,853678,701745,1555423,1869122,1717024,3586146
SYDNEY,SYD,2024,2,182,999591,991141,1990732,708756,597237,1305993,1708347,1588378,3296725
SYDNEY,SYD,2024,3,183,1069650,1063723,2133373,633865,672069,1305934,1703515,1735792,3439307
SYDNEY,SYD,2024,4,184,1020395,1027326,2047721,646591,663606,1310197,1666986,1690932,3357918
SYDNEY,SYD,2024,5,185,1010450,996124,2006574,599358,617617,1216975,1609808,1613741,3223549
SYDNEY,SYD,2024,6,186,969690,941819,1911509,589647,683744,1273391,1559337,1625563,3184900
SYDNEY,SYD,2024,7,187,1046005,1085587,2131592,746729,648790,1395519,1792734,1734377,3527111
SYDNEY,SYD,2024,8,188,1043441,1026873,2070314,641894,658433,1300327,1685335,1685306,3370641
SYDNEY,SYD,2024,9,189,1041837,1049191,2091028,668361,694792,1363153,1710198,1743983,3454181
SYDNEY,SYD,2024,10,190,1161905,1144870,2306775,753747,655141,1408888,1915652,1800011,3715663
SYDNEY,SYD,2024,11,191,1092224,1084473,2176697,668969,699082,1368051,1761193,1783555,3544748
SYDNEY,SYD,2024,12,192,1076107,1083747,2159854,720211,879579,1599790,1796318,1963326,3759644
SYDNEY,SYD,2025,1,193,1065796,1070652,2136448,912257,789368,1701625,1978053,1860020,3838073
SYDNEY,SYD,2025,2,194,948000,928841,1876841,730795,590082,1320877,1678795,1518923,3197718
SYDNEY,SYD,2025,3,195,1029027,1032150,2061177,655331,659931,1315262,1684358,1692081,3376439
SYDNEY,SYD,2025,4,196,1063493,1067978,2131471,670335,720564,1390899,1733828,1788542,3522370
SYDNEY,SYD,2025,5,197,1021289,1011431,2032720,640137,648323,1288460,1661426,1659754,3321180
SYDNEY,SYD,2025,6,198,962779,956845,1919624,610293,688177,1298470,1573072,1645022,3218094
TOWNSVILLE,TSV,2009,1,1,54834,51765,106599,0,0,0,54834,51765,106599
TOWNSVILLE,TSV,2009,2,2,46833,47178,94011,0,0,0,46833,47178,94011
TOWNSVILLE,TSV,2009,3,3,56789,56637,113426,0,0,0,56789,56637,113426
TOWNSVILLE,TSV,2009,4,4,61354,60487,121841,0,0,0,61354,60487,121841
TOWNSVILLE,TSV,2009,5,5,64684,63709,128393,0,0,0,64684,63709,128393
TOWNSVILLE,TSV,2009,6,6,63939,62856,126795,0,0,0,63939,62856,126795
TOWNSVILLE,TSV,2009,7,7,72573,70681,143254,0,0,0,72573,70681,143254
TOWNSVILLE,TSV,2009,8,8,67166,66240,133406,0,0,0,67166,66240,133406
TOWNSVILLE,TSV,2009,9,9,64553,65331,129884,0,0,0,64553,65331,129884
TOWNSVILLE,TSV,2009,10,10,67100,66383,133483,0,0,0,67100,66383,133483
TOWNSVILLE,TSV,2009,11,11,62942,62726,125668,0,0,0,62942,62726,125668
TOWNSVILLE,TSV,2009,12,12,61371,64099,125470,0,0,0,61371,64099,125470
TOWNSVILLE,TSV,2010,1,13,57683,54094,111777,0,0,0,57683,54094,111777
TOWNSVILLE,TSV,2010,2,14,54481,54482,108963,0,0,0,54481,54482,108963
TOWNSVILLE,TSV,2010,3,15,61328,59317,120645,0,0,0,61328,59317,120645
TOWNSVILLE,TSV,2010,4,16,63419,62319,125738,0,0,0,63419,62319,125738
TOWNSVILLE,TSV,2010,5,17,63472,62951,126423,0,0,0,63472,62951,126423
TOWNSVILLE,TSV,2010,6,18,66906,66752,133658,0,0,0,66906,66752,133658
TOWNSVILLE,TSV,2010,7,19,74752,73971,148723,0,0,0,74752,73971,148723
TOWNSVILLE,TSV,2010,8,20,73506,72594,146100,0,0,0,73506,72594,146100
TOWNSVILLE,TSV,2010,9,21,71311,73482,144793,0,0,0,71311,73482,144793
TOWNSVILLE,TSV,2010,10,22,72820,73249,146069,0,0,0,72820,73249,146069
TOWNSVILLE,TSV,2010,11,23,65417,67350,132767,0,0,0,65417,67350,132767
TOWNSVILLE,TSV,2010,12,24,68741,74353,143094,432,882,1314,69173,75235,144408
TOWNSVILLE,TSV,2011,1,25,63002,56390,119392,1124,818,1942,64126,57208,121334
TOWNSVILLE,TSV,2011,2,26,52145,51796,103941,567,593,1160,52712,52389,105101
TOWNSVILLE,TSV,2011,3,27,66595,67266,133861,537,617,1154,67132,67883,135015
TOWNSVILLE,TSV,2011,4,28,67086,66172,133258,437,567,1004,67523,66739,134262
TOWNSVILLE,TSV,2011,5,29,68038,68072,136110,524,321,845,68562,68393,136955
TOWNSVILLE,TSV,2011,6,30,66706,67428,134134,355,399,754,67061,67827,134888
TOWNSVILLE,TSV,2011,7,31,76522,74194,150716,611,514,1125,77133,74708,151841
TOWNSVILLE,TSV,2011,8,32,70256,72262,142518,400,340,740,70656,72602,143258
TOWNSVILLE,TSV,2011,9,33,70603,72577,143180,476,290,766,71079,72867,143946
TOWNSVILLE,TSV,2011,10,34,69682,69745,139427,15,87,102,69697,69832,139529
TOWNSVILLE,TSV,2011,11,35,65601,67450,133051,0,0,0,65601,67450,133051
TOWNSVILLE,TSV,2011,12,36,66509,71194,137703,0,0,0,66509,71194,137703
TOWNSVILLE,TSV,2012,1,37,62176,57171,119347,0,0,0,62176,57171,119347
TOWNSVILLE,TSV,2012,2,38,58957,58549,117506,0,0,0,58957,58549,117506
TOWNSVILLE,TSV,2012,3,39,65382,67338,132720,0,0,0,65382,67338,132720
TOWNSVILLE,TSV,2012,4,40,67048,64734,131782,0,0,0,67048,64734,131782
TOWNSVILLE,TSV,2012,5,41,68538,68825,137363,0,0,0,68538,68825,137363
TOWNSVILLE,TSV,2012,6,42,69123,69402,138525,0,0,0,69123,69402,138525
TOWNSVILLE,TSV,2012,7,43,74222,72849,147071,0,0,0,74222,72849,147071
TOWNSVILLE,TSV,2012,8,44,68534,70183,138717,0,0,0,68534,70183,138717
TOWNSVILLE,TSV,2012,9,45,67250,68960,136210,0,0,0,67250,68960,136210
TOWNSVILLE,TSV,2012,10,46,72062,71252,143314,0,0,0,72062,71252,143314
TOWNSVILLE,TSV,2012,11,47,65396,67853,133249,0,0,0,65396,67853,133249
TOWNSVILLE,TSV,2012,12,48,64520,69414,133934,0,0,0,64520,69414,133934
TOWNSVILLE,TSV,2013,1,49,61932,56480,118412,0,0,0,61932,56480,118412
TOWNSVILLE,TSV,2013,2,50,53701,53918,107619,0,0,0,53701,53918,107619
TOWNSVILLE,TSV,2013,3,51,61612,61684,123296,0,0,0,61612,61684,123296
TOWNSVILLE,TSV,2013,4,52,64547,62765,127312,0,0,0,64547,62765,127312
TOWNSVILLE,TSV,2013,5,53,64213,64376,128589,0,0,0,64213,64376,128589
TOWNSVILLE,TSV,2013,6,54,65780,66216,131996,0,0,0,65780,66216,131996
TOWNSVILLE,TSV,2013,7,55,75176,72844,148020,0,0,0,75176,72844,148020
TOWNSVILLE,TSV,2013,8,56,67861,69454,137315,0,0,0,67861,69454,137315
TOWNSVILLE,TSV,2013,9,57,68135,69670,137805,0,0,0,68135,69670,137805
TOWNSVILLE,TSV,2013,10,58,70418,69925,140343,0,0,0,70418,69925,140343
TOWNSVILLE,TSV,2013,11,59,59143,61744,120887,0,0,0,59143,61744,120887
TOWNSVILLE,TSV,2013,12,60,65561,69424,134985,0,0,0,65561,69424,134985
TOWNSVILLE,TSV,2014,1,61,58441,53757,112198,0,0,0,58441,53757,112198
TOWNSVILLE,TSV,2014,2,62,50287,50424,100711,0,0,0,50287,50424,100711
TOWNSVILLE,TSV,2014,3,63,58520,57261,115781,0,0,0,58520,57261,115781
TOWNSVILLE,TSV,2014,4,64,60736,61524,122260,0,0,0,60736,61524,122260
TOWNSVILLE,TSV,2014,5,65,62178,61671,123849,0,0,0,62178,61671,123849
TOWNSVILLE,TSV,2014,6,66,64444,64334,128778,0,0,0,64444,64334,128778
TOWNSVILLE,TSV,2014,7,67,72058,70381,142439,0,0,0,72058,70381,142439
TOWNSVILLE,TSV,2014,8,68,65323,66678,132001,0,0,0,65323,66678,132001
TOWNSVILLE,TSV,2014,9,69,65984,68438,134422,0,0,0,65984,68438,134422
TOWNSVILLE,TSV,2014,10,70,68153,67986,136139,0,0,0,68153,67986,136139
TOWNSVILLE,TSV,2014,11,71,57638,59537,117175,0,0,0,57638,59537,117175
TOWNSVILLE,TSV,2014,12,72,64541,67547,132088,0,0,0,64541,67547,132088
TOWNSVILLE,TSV,2015,1,73,57879,54030,111909,0,0,0,57879,54030,111909
TOWNSVILLE,TSV,2015,2,74,48886,49553,98439,0,0,0,48886,49553,98439
TOWNSVILLE,TSV,2015,3,75,59989,58009,117998,0,0,0,59989,58009,117998
TOWNSVILLE,TSV,2015,4,76,61695,62149,123844,0,0,0,61695,62149,123844
TOWNSVILLE,TSV,2015,5,77,62664,61362,124026,0,0,0,62664,61362,124026
TOWNSVILLE,TSV,2015,6,78,63967,63610,127577,0,0,0,63967,63610,127577
TOWNSVILLE,TSV,2015,7,79,73303,71720,145023,0,0,0,73303,71720,145023
TOWNSVILLE,TSV,2015,8,80,64519,66566,131085,0,0,0,64519,66566,131085
TOWNSVILLE,TSV,2015,9,81,66864,67845,134709,1111,1698,2809,67975,69543,137518
TOWNSVILLE,TSV,2015,10,82,67865,67814,135679,1815,1720,3535,69680,69534,139214
TOWNSVILLE,TSV,2015,11,83,59754,61357,121111,348,881,1229,60102,62238,122340
TOWNSVILLE,TSV,2015,12,84,62377,66334,128711,1571,1979,3550,63948,68313,132261
TOWNSVILLE,TSV,2016,1,85,58001,53823,111824,1864,1370,0,59865,55193,111824
TOWNSVILLE,TSV,2016,2,86,49452,48711,98163,1352,1370,0,50804,50081,98163
TOWNSVILLE,TSV,2016,3,87,58566,58563,117129,1555,1604,0,60121,60167,117129
TOWNSVILLE,TSV,2016,4,88,61298,59331,120629,1417,1604,0,62715,60935,120629
TOWNSVILLE,TSV,2016,5,89,63397,62570,125967,1685,1933,0,65082,64503,125967
TOWNSVILLE,TSV,2016,6,90,64868,64899,129767,1663,2044,0,66531,66943,129767
TOWNSVILLE,TSV,2016,7,91,72641,70220,142861,1973,1919,0,74614,72139,142861
TOWNSVILLE,TSV,2016,8,92,64208,66056,130264,1609,1800,0,65817,67856,130264
TOWNSVILLE,TSV,2016,9,93,66576,68269,134845,1969,1734,0,68545,70003,134845
TOWNSVILLE,TSV,2016,10,94,64602,64935,129537,2053,1842,0,66655,66777,129537
TOWNSVILLE,TSV,2016,11,95,58528,59861,118389,1523,1763,0,60051,61624,118389
TOWNSVILLE,TSV,2016,12,96,61979,66646,128625,1746,2087,0,63725,68733,128625
TOWNSVILLE,TSV,2017,1,97,57767,53413,111180,2224,1623,0,59991,55036,111180
TOWNSVILLE,TSV,2017,2,98,48518,48312,96830,1677,1594,0,50195,49906,96830
TOWNSVILLE,TSV,2017,3,99,56804,58317,115121,1603,1632,0,58407,59949,115121
TOWNSVILLE,TSV,2017,4,100,64609,62128,126737,2025,2257,0,66634,64385,126737
TOWNSVILLE,TSV,2017,5,101,60639,61928,122567,1954,2370,0,62593,64298,122567
TOWNSVILLE,TSV,2017,6,102,66427,66254,132681,2106,2123,0,68533,68377,132681
TOWNSVILLE,TSV,2017,7,103,76628,73840,150468,2452,2457,0,79080,76297,150468
TOWNSVILLE,TSV,2017,8,104,69682,70924,140606,2373,2231,0,72055,73155,140606
TOWNSVILLE,TSV,2017,9,105,68660,71256,139916,2197,2368,0,70857,73624,139916
TOWNSVILLE,TSV,2017,10,106,70105,69779,139884,2278,2100,0,72383,71879,139884
TOWNSVILLE,TSV,2017,11,107,62743,66059,128802,1622,1747,0,64365,67806,128802
TOWNSVILLE,TSV,2017,12,108,65924,70774,136698,1467,2055,0,67391,72829,136698
TOWNSVILLE,TSV,2018,1,109,62969,57216,120185,2279,2327,0,65248,59543,120185
TOWNSVILLE,TSV,2018,2,110,51968,52403,104371,2180,2140,0,54148,54543,104371
TOWNSVILLE,TSV,2018,3,111,67182,67984,135166,1744,1355,0,68926,69339,135166
TOWNSVILLE,TSV,2018,4,112,63974,63336,127310,415,443,0,64389,63779,127310
TOWNSVILLE,TSV,2018,5,113,66895,67054,133949,263,284,0,67158,67338,133949
TOWNSVILLE,TSV,2018,6,114,65091,65021,130112,375,318,0,65466,65339,130112
TOWNSVILLE,TSV,2018,7,115,80489,78946,159435,425,383,0,80914,79329,159435
TOWNSVILLE,TSV,2018,8,116,72455,74122,146577,354,318,0,72809,74440,146577
TOWNSVILLE,TSV,2018,9,117,67395,69792,137187,252,332,0,67647,70124,137187
TOWNSVILLE,TSV,2018,10,118,70570,69634,140204,0,0,0,70570,69634,140204
TOWNSVILLE,TSV,2018,11,119,63340,65756,129096,0,0,0,63340,65756,129096
TOWNSVILLE,TSV,2018,12,120,63038,67481,130519,0,0,0,63038,67481,130519
TOWNSVILLE,TSV,2019,1,121,61344,56845,118189,0,0,0,61344,56845,118189
TOWNSVILLE,TSV,2019,2,122,50268,49998,100266,0,0,0,50268,49998,100266
TOWNSVILLE,TSV,2019,3,123,62804,63951,126755,0,0,0,62804,63951,126755
TOWNSVILLE,TSV,2019,4,124,67238,66720,133958,0,0,0,67238,66720,133958
TOWNSVILLE,TSV,2019,5,125,67451,67615,135066,0,0,0,67451,67615,135066
TOWNSVILLE,TSV,2019,6,126,68347,66772,135119,0,0,0,68347,66772,135119
TOWNSVILLE,TSV,2019,7,127,78060,76324,154384,0,0,0,78060,76324,154384
TOWNSVILLE,TSV,2019,8,128,72244,74283,146527,0,0,0,72244,74283,146527
TOWNSVILLE,TSV,2019,9,129,71820,73743,145563,0,0,0,71820,73743,145563
TOWNSVILLE,TSV,2019,10,130,72692,73110,145802,0,0,0,72692,73110,145802
TOWNSVILLE,TSV,2019,11,131,64379,66370,130749,0,0,0,64379,66370,130749
TOWNSVILLE,TSV,2019,12,132,67064,71298,138362,0,0,0,67064,71298,138362
TOWNSVILLE,TSV,2020,1,133,63574,59105,122679,0,0,0,63574,59105,122679
TOWNSVILLE,TSV,2020,2,134,53546,51590,105136,0,0,0,53546,51590,105136
TOWNSVILLE,TSV,2020,3,135,44037,43063,87100,0,0,0,44037,43063,87100
TOWNSVILLE,TSV,2020,4,136,3786,4068,7854,0,0,0,3786,4068,7854
TOWNSVILLE,TSV,2020,5,137,4672,4575,9247,0,0,0,4672,4575,9247
TOWNSVILLE,TSV,2020,6,138,11330,11590,22920,0,0,0,11330,11590,22920
TOWNSVILLE,TSV,2020,7,139,28925,27368,56293,0,0,0,28925,27368,56293
TOWNSVILLE,TSV,2020,8,140,27166,27623,54789,0,0,0,27166,27623,54789
TOWNSVILLE,TSV,2020,9,141,30779,30772,61551,0,0,0,30779,30772,61551
TOWNSVILLE,TSV,2020,10,142,33293,34139,67432,0,0,0,33293,34139,67432
TOWNSVILLE,TSV,2020,11,143,34426,34806,69232,0,0,0,34426,34806,69232
TOWNSVILLE,TSV,2020,12,144,46643,47427,94070,0,0,0,46643,47427,94070
TOWNSVILLE,TSV,2021,1,145,36601,36701,73302,0,0,0,36601,36701,73302
TOWNSVILLE,TSV,2021,2,146,35876,36302,72178,0,0,0,35876,36302,72178
TOWNSVILLE,TSV,2021,3,147,47197,46734,93931,0,0,0,47197,46734,93931
TOWNSVILLE,TSV,2021,4,148,54512,54531,109043,0,0,0,54512,54531,109043
TOWNSVILLE,TSV,2021,5,149,56918,55921,112839,0,0,0,56918,55921,112839
TOWNSVILLE,TSV,2021,6,150,55616,55914,111530,0,0,0,55616,55914,111530
TOWNSVILLE,TSV,2021,7,151,45465,45386,90851,0,0,0,45465,45386,90851
TOWNSVILLE,TSV,2021,8,152,28531,30449,58980,0,0,0,28531,30449,58980
TOWNSVILLE,TSV,2021,9,153,44252,45090,89342,0,0,0,44252,45090,89342
TOWNSVILLE,TSV,2021,10,154,42096,42471,84567,0,0,0,42096,42471,84567
TOWNSVILLE,TSV,2021,11,155,42950,43775,86725,0,0,0,42950,43775,86725
TOWNSVILLE,TSV,2021,12,156,52968,53049,106017,0,0,0,52968,53049,106017
TOWNSVILLE,TSV,2022,1,157,40703,39849,80552,0,0,0,40703,39849,80552
TOWNSVILLE,TSV,2022,2,158,37643,38041,75684,0,0,0,37643,38041,75684
TOWNSVILLE,TSV,2022,3,159,52878,53425,106303,0,0,0,52878,53425,106303
TOWNSVILLE,TSV,2022,4,160,67765,67181,134946,0,0,0,67765,67181,134946
TOWNSVILLE,TSV,2022,5,161,67961,66930,134891,0,0,0,67961,66930,134891
TOWNSVILLE,TSV,2022,6,162,73181,72557,145738,0,0,0,73181,72557,145738
TOWNSVILLE,TSV,2022,7,163,77032,76450,153482,0,0,0,77032,76450,153482
TOWNSVILLE,TSV,2022,8,164,70474,71884,142358,0,0,0,70474,71884,142358
TOWNSVILLE,TSV,2022,9,165,72163,73570,145733,0,0,0,72163,73570,145733
TOWNSVILLE,TSV,2022,10,166,71632,72223,143855,0,0,0,71632,72223,143855
TOWNSVILLE,TSV,2022,11,167,63881,66759,130640,0,0,0,63881,66759,130640
TOWNSVILLE,TSV,2022,12,168,63600,66405,130005,0,0,0,63600,66405,130005
TOWNSVILLE,TSV,2023,1,169,60780,57776,118556,0,0,0,60780,57776,118556
TOWNSVILLE,TSV,2023,2,170,54278,54972,109250,0,0,0,54278,54972,109250
TOWNSVILLE,TSV,2023,3,171,70734,70157,140891,0,0,0,70734,70157,140891
TOWNSVILLE,TSV,2023,4,172,68197,67452,135649,0,0,0,68197,67452,135649
TOWNSVILLE,TSV,2023,5,173,72574,71584,144158,0,0,0,72574,71584,144158
TOWNSVILLE,TSV,2023,6,174,78209,76273,154482,0,0,0,78209,76273,154482
TOWNSVILLE,TSV,2023,7,175,81864,80540,162404,0,0,0,81864,80540,162404
TOWNSVILLE,TSV,2023,8,176,76129,79501,155630,0,0,0,76129,79501,155630
TOWNSVILLE,TSV,2023,9,177,71745,73575,145320,0,0,0,71745,73575,145320
TOWNSVILLE,TSV,2023,10,178,73485,73111,146596,0,0,0,73485,73111,146596
TOWNSVILLE,TSV,2023,11,179,68318,70954,139272,0,0,0,68318,70954,139272
TOWNSVILLE,TSV,2023,12,180,68243,70691,138934,0,0,0,68243,70691,138934
TOWNSVILLE,TSV,2024,1,181,59516,55811,115327,0,0,0,59516,55811,115327
TOWNSVILLE,TSV,2024,2,182,59792,60575,120367,0,0,0,59792,60575,120367
TOWNSVILLE,TSV,2024,3,183,68045,67585,135630,0,0,0,68045,67585,135630
TOWNSVILLE,TSV,2024,4,184,69222,67664,136886,0,0,0,69222,67664,136886
TOWNSVILLE,TSV,2024,5,185,68461,67488,135949,0,0,0,68461,67488,135949
TOWNSVILLE,TSV,2024,6,186,69554,69469,139023,0,0,0,69554,69469,139023
TOWNSVILLE,TSV,2024,7,187,79717,78193,157910,0,0,0,79717,78193,157910
TOWNSVILLE,TSV,2024,8,188,75227,76604,151831,0,0,0,75227,76604,151831
TOWNSVILLE,TSV,2024,9,189,73559,74515,148074,0,0,0,73559,74515,148074
TOWNSVILLE,TSV,2024,10,190,73639,75355,148994,0,0,0,73639,75355,148994
TOWNSVILLE,TSV,2024,11,191,68409,69864,138273,0,0,0,68409,69864,138273
TOWNSVILLE,TSV,2024,12,192,65348,69895,135243,0,0,0,65348,69895,135243
TOWNSVILLE,TSV,2025,1,193,64627,61428,126055,0,0,0,64627,61428,126055
TOWNSVILLE,TSV,2025,2,194,56371,56912,113283,0,0,0,56371,56912,113283
TOWNSVILLE,TSV,2025,3,195,62856,62194,125050,0,0,0,62856,62194,125050
TOWNSVILLE,TSV,2025,4,196,67919,68073,135992,0,0,0,67919,68073,135992
TOWNSVILLE,TSV,2025,5,197,69854,68354,138208,0,0,0,69854,68354,138208
TOWNSVILLE,TSV,2025,6,198,69950,69353,139303,0,0,0,69950,69353,139303
All Australian Airports,All,2009,1,1,4158230,4158230,8316460,1223646,1025778,2249424,5381876,5184008,10565884
All Australian Airports,All,2009,2,2,3619150,3619150,7238300,969607,823540,1793147,4588757,4442690,9031447
All Australian Airports,All,2009,3,3,4159504,4159504,8319008,937697,933843,1871540,5097201,5093347,10190548
All Australian Airports,All,2009,4,4,4137771,4137771,8275542,971404,1004204,1975608,5109175,5141975,10251150
All Australian Airports,All,2009,5,5,3938304,3938304,7876608,842073,922435,1764508,4780377,4860739,9641116
All Australian Airports,All,2009,6,6,3791029,3791029,7582058,853975,975920,1829895,4645004,4766949,9411953
All Australian Airports,All,2009,7,7,4276480,4276480,8552960,1140351,999000,2139351,5416831,5275480,10692311
All Australian Airports,All,2009,8,8,4198264,4198264,8396528,994466,1005333,1999799,5192730,5203597,10396327
All Australian Airports,All,2009,9,9,4260649,4260649,8521298,1041573,1045194,2086767,5302222,5305843,10608065
All Australian Airports,All,2009,10,10,4499689,4499689,8999378,1195265,1022497,2217762,5694954,5522186,11217140
All Australian Airports,All,2009,11,11,4266795,4266795,8533590,1021470,1054438,2075908,5288265,5321233,10609498
All Australian Airports,All,2009,12,12,4210377,4210377,8420754,1115592,1287599,2403191,5325969,5497976,10823945
All Australian Airports,All,2010,1,13,4086578,4086578,8173156,1331612,1151057,2482669,5418190,5237635,10655825
All Australian Airports,All,2010,2,14,3912268,3912268,7824536,1078500,951627,2030127,4990768,4863895,9854663
All Australian Airports,All,2010,3,15,4409569,4409569,8819138,1052707,1092822,2145529,5462276,5502391,10964667
All Australian Airports,All,2010,4,16,4352983,4352983,8705966,1026383,1036390,2062773,5379366,5389373,10768739
All Australian Airports,All,2010,5,17,4154942,4154942,8309884,893089,993010,1886099,5048031,5147952,10195983
All Australian Airports,All,2010,6,18,4159573,4159573,8319146,963769,1131910,2095679,5123342,5291483,10414825
All Australian Airports,All,2010,7,19,4634703,4634703,9269406,1299592,1101544,2401136,5934295,5736247,11670542
All Australian Airports,All,2010,8,20,4521396,4521396,9042792,1083502,1130243,2213745,5604898,5651639,11256537
All Australian Airports,All,2010,9,21,4615203,4615203,9230406,1142673,1173690,2316363,5757876,5788893,11546769
All Australian Airports,All,2010,10,22,4833354,4833354,9666708,1288712,1084487,2373199,6122066,5917841,12039907
All Australian Airports,All,2010,11,23,4600472,4600472,9200944,1084692,1120950,2205642,5685164,5721422,11406586
All Australian Airports,All,2010,12,24,4693401,4693401,9386802,1184169,1393185,2577354,5877570,6086586,11964156
All Australian Airports,All,2011,1,25,4388340,4388340,8776680,1460356,1248767,2709123,5848696,5637107,11485803
All Australian Airports,All,2011,2,26,3924439,3924439,7848878,1139969,980257,2120226,5064408,4904696,9969104
All Australian Airports,All,2011,3,27,4536913,4536913,9073826,1055726,1055897,2111623,5592639,5592810,11185449
All Australian Airports,All,2011,4,28,4526766,4526766,9053532,1097300,1188149,2285449,5624066,5714915,11338981
All Australian Airports,All,2011,5,29,4380299,4380299,8760598,1010388,1069097,2079485,5390687,5449396,10840083
All Australian Airports,All,2011,6,30,4096086,4096086,8192172,991794,1164150,2155944,5087880,5260236,10348116
All Australian Airports,All,2011,7,31,4686082,4686082,9372164,1366044,1165850,2531894,6052126,5851932,11904058
All Australian Airports,All,2011,8,32,4552397,4552397,9104794,1144506,1164418,2308924,5696903,5716815,11413718
All Australian Airports,All,2011,9,33,4549405,4549405,9098810,1167424,1234511,2401935,5716829,5783916,11500745
All Australian Airports,All,2011,10,34,4693787,4693787,9387574,1356836,1119499,2476335,6050623,5813286,11863909
All Australian Airports,All,2011,11,35,4579713,4579713,9159426,1141680,1161292,2302972,5721393,5741005,11462398
All Australian Airports,All,2011,12,36,4557463,4557463,9114926,1219820,1451279,2671099,5777283,6008742,11786025
All Australian Airports,All,2012,1,37,4474618,4474618,8949236,1522951,1280575,2803526,5997569,5755193,11752762
All Australian Airports,All,2012,2,38,4123005,4123005,8246010,1202079,1018688,2220767,5325084,5141693,10466777
All Australian Airports,All,2012,3,39,4655194,4655194,9310388,1140970,1184391,2325361,5796164,5839585,11635749
All Australian Airports,All,2012,4,40,4531527,4531527,9063054,1176642,1202602,2379244,5708169,5734129,11442298
All Australian Airports,All,2012,5,41,4462782,4462782,8925564,1001277,1097826,2099103,5464059,5560608,11024667
All Australian Airports,All,2012,6,42,4358016,4358016,8716032,1093857,1267331,2361188,5451873,5625347,11077220
All Australian Airports,All,2012,7,43,4841514,4841514,9683028,1411426,1183757,2595183,6252940,6025271,12278211
All Australian Airports,All,2012,8,44,4756651,4756651,9513302,1191135,1227542,2418677,5947786,5984193,11931979
All Australian Airports,All,2012,9,45,4790005,4790005,9580010,1241037,1291879,2532916,6031042,6081884,12112926
All Australian Airports,All,2012,10,46,5041625,5041625,10083250,1410564,1162152,2572716,6452189,6203777,12655966
All Australian Airports,All,2012,11,47,4901047,4901047,9802094,1206638,1244036,2450674,6107685,6145083,12252768
All Australian Airports,All,2012,12,48,4748088,4748088,9496176,1314757,1534880,2849637,6062845,6282968,12345813
All Australian Airports,All,2013,1,49,4631108,4631108,9262216,1571356,1316140,2887496,6202464,5947248,12149712
All Australian Airports,All,2013,2,50,4131788,4131788,8263576,1235881,1077428,2313309,5367669,5209216,10576885
All Australian Airports,All,2013,3,51,4727453,4727453,9454906,1225650,1271601,2497251,5953103,5999054,11952157
All Australian Airports,All,2013,4,52,4732212,4732212,9464424,1215952,1233982,2449934,5948164,5966194,11914358
All Australian Airports,All,2013,5,53,4507122,4507122,9014244,1090305,1183884,2274189,5597427,5691006,11288433
All Australian Airports,All,2013,6,54,4439610,4439610,8879220,1148699,1319217,2467916,5588309,5758827,11347136
All Australian Airports,All,2013,7,55,5056406,5056406,10112812,1502141,1293265,2795406,6558547,6349671,12908218
All Australian Airports,All,2013,8,56,4849534,4849534,9699068,1305475,1338815,2644290,6155009,6188349,12343358
All Australian Airports,All,2013,9,57,4792733,4792733,9585466,1317813,1363172,2680985,6110546,6155905,12266451
All Australian Airports,All,2013,10,58,5184010,5184010,10368020,1496725,1212883,2709608,6680735,6396893,13077628
All Australian Airports,All,2013,11,59,4810124,4810124,9620248,1268103,1285380,2553483,6078227,6095504,12173731
All Australian Airports,All,2013,12,60,4930391,4930391,9860782,1403760,1666889,3070649,6334151,6597280,12931431
All Australian Airports,All,2014,1,61,4793949,4793949,9587898,1741156,1460453,3201609,6535105,6254402,12789507
All Australian Airports,All,2014,2,62,4210431,4210431,8420862,1320109,1170234,2490343,5530540,5380665,10911205
All Australian Airports,All,2014,3,63,4748502,4748502,9497004,1256750,1275028,2531778,6005252,6023530,12028782
All Australian Airports,All,2014,4,64,4760669,4760669,9521338,1319185,1390747,2709932,6079854,6151416,12231270
All Australian Airports,All,2014,5,65,4532065,4532065,9064130,1186430,1262179,2448609,5718495,5794244,11512739
All Australian Airports,All,2014,6,66,4450124,4450124,8900248,1174912,1410529,2585441,5625036,5860653,11485689
All Australian Airports,All,2014,7,67,5001391,5001391,10002782,1599897,1357325,2957222,6601288,6358716,12960004
All Australian Airports,All,2014,8,68,4798563,4798563,9597126,1341299,1402976,2744275,6139862,6201539,12341401
All Australian Airports,All,2014,9,69,4808046,4808046,9616092,1377010,1404018,2781028,6185056,6212064,12397120
All Australian Airports,All,2014,10,70,5241921,5241921,10483842,1556897,1297662,2854559,6798818,6539583,13338401
All Australian Airports,All,2014,11,71,4769742,4769742,9539484,1322483,1346054,2668537,6092225,6115796,12208021
All Australian Airports,All,2014,12,72,4888981,4888981,9777962,1449684,1710071,3159755,6338665,6599052,12937717
All Australian Airports,All,2015,1,73,4633256,4633256,9266512,1784287,1498628,3282915,6417543,6131884,12549427
All Australian Airports,All,2015,2,74,4185734,4185734,8371468,1410790,1240775,2651565,5596524,5426509,11023033
All Australian Airports,All,2015,3,75,4794620,4794620,9589240,1370140,1432073,2802213,6164760,6226693,12391453
All Australian Airports,All,2015,4,76,4725189,4725189,9450378,1361635,1384880,2746515,6086824,6110069,12196893
All Australian Airports,All,2015,5,77,4504507,4504507,9009014,1218186,1309275,2527461,5722693,5813782,11536475
All Australian Airports,All,2015,6,78,4435208,4435208,8870416,1232005,1456587,2688592,5667213,5891795,11559008
All Australian Airports,All,2015,7,79,5116154,5116154,10232308,1649910,1439511,3089421,6766064,6555665,13321729
All Australian Airports,All,2015,8,80,4769923,4769923,9539846,1417242,1453713,2870955,6187165,6223636,12410801
All Australian Airports,All,2015,9,81,4869778,4869778,9739556,1458846,1474613,2933459,6328624,6344391,12673015
All Australian Airports,All,2015,10,82,5161287,5161287,10322574,1631063,1391059,3022122,6792350,6552346,13344696
All Australian Airports,All,2015,11,83,4920137,4920137,9840274,1403347,1420285,2823632,6323484,6340422,12663906
All Australian Airports,All,2015,12,84,5030200,5030200,10060400,1580055,1847744,3427799,6610255,6877944,13488199
All Australian Airports,All,2016,1,85,4794462,4794462,9588924,1918216,1642055,3560271,6712678,6436517,13149195
All Australian Airports,All,2016,2,86,4442706,4442706,8885412,1560626,1375056,2935682,6003332,5817762,11821094
All Australian Airports,All,2016,3,87,4950635,4950635,9901270,1470828,1538489,3009317,6421463,6489124,12910587
All Australian Airports,All,2016,4,88,4815450,4815450,9630900,1481132,1478130,2959262,6296582,6293580,12590162
All Australian Airports,All,2016,5,89,4639916,4639916,9279832,1301845,1389018,2690863,5941761,6028934,11970695
All Australian Airports,All,2016,6,90,4580709,4580709,9161418,1330046,1575902,2905948,5910755,6156611,12067366
All Australian Airports,All,2016,7,91,5158404,5158404,10316808,1832875,1574975,3407850,6991279,6733379,13724658
All Australian Airports,All,2016,8,92,4858807,4858807,9717614,1514269,1548743,3063012,6373076,6407550,12780626
All Australian Airports,All,2016,9,93,5031367,5031367,10062734,1583513,1592100,3175613,6614880,6623467,13238347
All Australian Airports,All,2016,10,94,5212134,5212134,10424268,1740278,1485480,3225758,6952412,6697614,13650026
All Australian Airports,All,2016,11,95,5024272,5024272,10048544,1489028,1536531,3025559,6513300,6560803,13074103
All Australian Airports,All,2016,12,96,5110010,5110010,10220020,1691033,1966585,3657618,6801043,7076595,13877638
All Australian Airports,All,2017,1,97,4945306,4945306,9890612,2044464,1757649,3802113,6989770,6702955,13692725
All Australian Airports,All,2017,2,98,4328746,4328746,8657492,1599434,1371201,2970635,5928180,5699947,11628127
All Australian Airports,All,2017,3,99,4973688,4973688,9947376,1509048,1550291,3059339,6482736,6523979,13006715
All Australian Airports,All,2017,4,100,4909651,4909651,9819302,1634650,1673176,3307826,6544301,6582827,13127128
All Australian Airports,All,2017,5,101,4714083,4714083,9428166,1391507,1479723,2871230,6105590,6193806,12299396
All Australian Airports,All,2017,6,102,4663457,4663457,9326914,1425247,1669146,3094393,6088704,6332603,12421307
All Australian Airports,All,2017,7,103,5270804,5270804,10541608,1897855,1643059,3540914,7168659,6913863,14082522
All Australian Airports,All,2017,8,104,4949800,4949800,9899600,1607947,1642140,3250087,6557747,6591940,13149687
All Australian Airports,All,2017,9,105,5038526,5038526,10077052,1649934,1680464,3330398,6688460,6718990,13407450
All Australian Airports,All,2017,10,106,5386292,5386292,10772584,1826871,1543057,3369928,7213163,6929349,14142512
All Australian Airports,All,2017,11,107,5183682,5183682,10367364,1571174,1620735,3191909,6754856,6804417,13559273
All Australian Airports,All,2017,12,108,5212132,5212132,10424264,1773170,2053765,3826935,6985302,7265897,14251199
All Australian Airports,All,2018,1,109,5046323,5046323,10092646,2098405,1786996,3885401,7144728,6833319,13978047
All Australian Airports,All,2018,2,110,4506823,4506823,9013646,1697805,1489815,3187620,6204628,5996638,12201266
All Australian Airports,All,2018,3,111,5192899,5192899,10385798,1660037,1710242,3370279,6852936,6903141,13756077
All Australian Airports,All,2018,4,112,5042047,5042047,10084094,1664141,1697992,3362133,6706188,6740039,13446227
All Australian Airports,All,2018,5,113,4825550,4825550,9651100,1477266,1549386,3026652,6302816,6374936,12677752
All Australian Airports,All,2018,6,114,4678234,4678234,9356468,1504833,1772073,3276906,6183067,6450307,12633374
All Australian Airports,All,2018,7,115,5399949,5399949,10799898,1994170,1716945,3711115,7394119,7116894,14511013
All Australian Airports,All,2018,8,116,5146214,5146214,10292428,1711828,1757645,3469473,6858042,6903859,13761901
All Australian Airports,All,2018,9,117,5043051,5043051,10086102,1710672,1752050,3462722,6753723,6795101,13548824
All Australian Airports,All,2018,10,118,5455241,5455241,10910482,1925383,1622374,3547757,7380624,7077615,14458239
All Australian Airports,All,2018,11,119,5189215,5189215,10378430,1636769,1687907,3324676,6825984,6877122,13703106
All Australian Airports,All,2018,12,120,5104043,5104043,10208086,1808282,2142297,3950579,6912325,7246340,14158665
All Australian Airports,All,2019,1,121,5030043,5030043,10060086,2187442,1885630,4073072,7217485,6915673,14133158
All Australian Airports,All,2019,2,122,4465621,4465621,8931242,1757525,1499283,3256808,6223146,5964904,12188050
All Australian Airports,All,2019,3,123,5024090,5024090,10048180,1629562,1655711,3285273,6653652,6679801,13333453
All Australian Airports,All,2019,4,124,5112777,5112777,10225554,1701680,1801316,3502996,6814457,6914093,13728550
All Australian Airports,All,2019,5,125,4848365,4848365,9696730,1579940,1627989,3207929,6428305,6476354,12904659
All Australian Airports,All,2019,6,126,4669723,4669723,9339446,1545754,1782850,3328604,6215477,6452573,12668050
All Australian Airports,All,2019,7,127,5413049,5413049,10826098,1985113,1750509,3735622,7398162,7163558,14561720
All Australian Airports,All,2019,8,128,5157000,5157000,10314000,1766857,1801853,3568710,6923857,6958853,13882710
All Australian Airports,All,2019,9,129,5148686,5148686,10297372,1721451,1775323,3496774,6870137,6924009,13794146
All Australian Airports,All,2019,10,130,5607945,5607945,11215890,1926829,1660334,3587163,7534774,7268279,14803053
All Australian Airports,All,2019,11,131,5212654,5212654,10425308,1702426,1724008,3426434,6915080,6936662,13851742
All Australian Airports,All,2019,12,132,5217772,5217772,10435544,1846338,2192732,4039070,7064110,7410504,14474614
All Australian Airports,All,2020,1,133,5055479,5055479,10110958,2215508,1938543,4154051,7270987,6994022,14265009
All Australian Airports,All,2020,2,134,4330713,4330713,8661426,1529809,1275620,2805429,5860522,5606333,11466855
All Australian Airports,All,2020,3,135,3049073,3049073,6098146,887482,838247,1725729,3936555,3887320,7823875
All Australian Airports,All,2020,4,136,142694,142694,285388,17304,58002,75306,159998,200696,360694
All Australian Airports,All,2020,5,137,169366,169366,338732,18749,34240,52989,188115,203606,391721
All Australian Airports,All,2020,6,138,370155,370155,740310,25244,39591,64835,395399,409746,805145
All Australian Airports,All,2020,7,139,722779,722779,1445558,20016,53835,73851,742795,776614,1519409
All Australian Airports,All,2020,8,140,570603,570603,1141206,15549,56449,71998,586152,627052,1213204
All Australian Airports,All,2020,9,141,689718,689718,1379436,15413,46707,62120,705131,736425,1441556
All Australian Airports,All,2020,10,142,898542,898542,1797084,23559,45618,69177,922101,944160,1866261
All Australian Airports,All,2020,11,143,1095883,1095883,2191766,26167,41044,67211,1122050,1136927,2258977
All Australian Airports,All,2020,12,144,2165183,2165183,4330366,32335,47173,79508,2197518,2212356,4409874
All Australian Airports,All,2021,1,145,1640062,1640062,3280124,27823,39649,67472,1667885,1679711,3347596
All Australian Airports,All,2021,2,146,1613745,1613745,3227490,22040,29573,51613,1635785,1643318,3279103
All Australian Airports,All,2021,3,147,2786211,2786211,5572422,28204,30287,58491,2814415,2816498,5630913
All Australian Airports,All,2021,4,148,3512530,3512530,7025060,50398,62540,112938,3562928,3575070,7137998
All Australian Airports,All,2021,5,149,3373044,3373044,6746088,108911,105335,214246,3481955,3478379,6960334
All Australian Airports,All,2021,6,150,2337683,2337683,4675366,97495,96795,194290,2435178,2434478,4869656
All Australian Airports,All,2021,7,151,1338271,1338271,2676542,69698,84994,154692,1407969,1423265,2831234
All Australian Airports,All,2021,8,152,722127,722127,1444254,21142,35215,56357,743269,757342,1500611
All Australian Airports,All,2021,9,153,987762,987762,1975524,12520,29629,42149,1000282,1017391,2017673
All Australian Airports,All,2021,10,154,1041473,1041473,2082946,11760,34385,46145,1053233,1075858,2129091
All Australian Airports,All,2021,11,155,1505416,1505416,3010832,67906,88305,156211,1573322,1593721,3167043
All Australian Airports,All,2021,12,156,2520535,2520535,5041070,184878,215879,400757,2705413,2736414,5441827
All Australian Airports,All,2022,1,157,2526396,2526396,5052792,258368,183907,442275,2784764,2710303,5495067
All Australian Airports,All,2022,2,158,2409759,2409759,4819518,264136,172254,436390,2673895,2582013,5255908
All Australian Airports,All,2022,3,159,3565202,3565202,7130404,369092,329019,698111,3934294,3894221,7828515
All Australian Airports,All,2022,4,160,4621976,4621976,9243952,567077,598702,1165779,5189053,5220678,10409731
All Australian Airports,All,2022,5,161,4324920,4324920,8649840,640888,653826,1294714,4965808,4978746,9944554
All Australian Airports,All,2022,6,162,4485977,4485977,8971954,738579,877319,1615898,5224556,5363296,10587852
All Australian Airports,All,2022,7,163,4779530,4779530,9559060,1086071,971208,2057279,5865601,5750738,11616339
All Australian Airports,All,2022,8,164,4423984,4423984,8847968,1025769,943786,1969555,5449753,5367770,10817523
All Australian Airports,All,2022,9,165,4641042,4641042,9282084,1062946,1032545,2095491,5703988,5673587,11377575
All Australian Airports,All,2022,10,166,4813908,4813908,9627816,1191908,1005302,2197210,6005816,5819210,11825026
All Australian Airports,All,2022,11,167,4628755,4628755,9257510,1181061,1178912,2359973,5809816,5807667,11617483
All Australian Airports,All,2022,12,168,4531773,4531773,9063546,1257845,1488238,2746083,5789618,6020011,11809629
All Australian Airports,All,2023,1,169,4468678,4468678,8937356,1595713,1365286,2960999,6064391,5833964,11898355
All Australian Airports,All,2023,2,170,3973329,3973329,7946658,1354076,1072359,2426435,5327405,5045688,10373093
All Australian Airports,All,2023,3,171,4795774,4795774,9591548,1335992,1313600,2649592,6131766,6109374,12241140
All Australian Airports,All,2023,4,172,4669877,4669877,9339754,1367840,1408119,2775959,6037717,6077996,12115713
All Australian Airports,All,2023,5,173,4600047,4600047,9200094,1296777,1357817,2654594,5896824,5957864,11854688
All Australian Airports,All,2023,6,174,4555529,4555529,9111058,1348155,1545993,2894148,5903684,6101522,12005206
All Australian Airports,All,2023,7,175,4970854,4970854,9941708,1740726,1493114,3233840,6711580,6463968,13175548
All Australian Airports,All,2023,8,176,4853295,4853295,9706590,1543744,1513983,3057727,6397039,6367278,12764317
All Australian Airports,All,2023,9,177,4949212,4949212,9898424,1594956,1584122,3179078,6544168,6533334,13077502
All Australian Airports,All,2023,10,178,5152663,5152663,10305326,1706736,1464593,3171329,6859399,6617256,13476655
All Australian Airports,All,2023,11,179,5007514,5007514,10015028,1535785,1577388,3113173,6543299,6584902,13128201
All Australian Airports,All,2023,12,180,4872461,4872461,9744922,1673868,1987298,3661166,6546329,6859759,13406088
All Australian Airports,All,2024,1,181,4762279,4762279,9524558,2091817,1716775,3808592,6854096,6479054,13333150
All Australian Airports,All,2024,2,182,4536223,4536223,9072446,1741437,1468805,3210242,6277660,6005028,12282688
All Australian Airports,All,2024,3,183,4942890,4942890,9885780,1586833,1678797,3265630,6529723,6621687,13151410
All Australian Airports,All,2024,4,184,4894433,4894433,9788866,1620367,1613381,3233748,6514800,6507814,13022614
All Australian Airports,All,2024,5,185,4709221,4709221,9418442,1473426,1553935,3027361,6182647,6263156,12445803
All Australian Airports,All,2024,6,186,4565930,4565930,9131860,1525730,1755435,3281165,6091660,6321365,12413025
All Australian Airports,All,2024,7,187,5119722,5119722,10239444,1924013,1645739,3569752,7043735,6765461,13809196
All Australian Airports,All,2024,8,188,4927881,4927881,9855762,1650487,1691111,3341598,6578368,6618992,13197360
All Australian Airports,All,2024,9,189,4991394,4991394,9982788,1727807,1789000,3516807,6719201,6780394,13499595
All Australian Airports,All,2024,10,190,5347470,5347470,10694940,1909888,1647507,3557395,7257358,6994977,14252335
All Australian Airports,All,2024,11,191,5062831,5062831,10125662,1687572,1764936,3452508,6750403,6827767,13578170
All Australian Airports,All,2024,12,192,5062081,5062081,10124162,1846530,2246497,4093027,6908611,7308578,14217189
All Australian Airports,All,2025,1,193,5058784,5058784,10117568,2359518,2012459,4371977,7418302,7071243,14489545
All Australian Airports,All,2025,2,194,4319879,4319879,8639758,1846939,1502037,3348976,6166818,5821916,11988734
All Australian Airports,All,2025,3,195,4711732,4711732,9423464,1662586,1655770,3318356,6374318,6367502,12741820
All Australian Airports,All,2025,4,196,5046524,5046524,10093048,1757485,1892381,3649866,6804009,6938905,13742914
All Australian Airports,All,2025,5,197,4796336,4796336,9592672,1660553,1687505,3348058,6456889,6483841,12940730
All Australian Airports,All,2025,6,198,4659298,4659298,9318596,1625030,1817248,3442278,6284328,6476546,12760874
